1000
16318
11981
5152
2258
18474
20366
20490
5581
3412
12538
14663
20697
6694
27108
9382
12188
29051
1611
28802
20501
20006
22341
25831
26672
9269
32566
24311
21400
18295
3653
19340
13261
23355
17169
13599
22134
28507
17311
26857
22008
28281
25240
30535
10311
16777
17585
4963
4093
19599
31338
5649
9129
10410
25083
10231
24425
16210
25995
22257
29883
10974
27044
6836
19600
73
32740
3249
28578
26165
12789
22332
18696
7472
30911
8173
30471
23863
13275
28998
7724
11384
13643
26519
29335
4956
13673
9503
27546
20933
17182
20852
21891
31125
1108
10277
13749
4719
23214
23197
13566
10945
16502
18762
1060
31234
29143
22527
28353
30776
13900
24983
4177
3774
24152
3804
24458
17988
18808
5287
1004
5655
2134
7496
10648
14499
28479
24871
18277
10550
11479
12972
2865
12038
14603
349
24693
6518
12360
6214
17692
4501
28394
7070
24726
9447
248
2471
4392
28009
14862
17110
25478
31439
2458
23860
10403
24848
24395
18180
7624
4132
13255
31910
23268
22796
2461
21947
31523
17428
31354
11658
13249
7253
9375
27299
19745
21629
3218
10689
12825
10451
18196
4085
2448
8821
32596
2049
3660
24548
11618
28418
6405
18115
4326
29779
4286
732
17426
12461
13653
30308
31445
14483
30808
32640
16978
11757
22554
14088
21648
5363
28934
3210
21619
28748
14644
25490
1515
26743
6714
5672
22123
619
23877
155
18845
10618
7528
31357
7764
4219
13363
24815
16322
11816
21640
5663
22251
22725
18346
6670
4185
17667
151
8343
27153
27683
31128
18605
7623
7518
4118
22756
31566
16005
21167
9522
18258
32741
30089
503
29257
1901
24806
26684
15271
22291
3577
12088
5457
29299
9721
32537
23381
1977
6003
24833
13272
8130
5604
4174
11088
6526
14215
28958
24819
29849
9580
20498
22382
12122
4554
20307
15835
15307
26774
9427
17645
20506
28244
3542
21614
5695
16686
7088
13548
32479
28739
15824
431
15216
7489
11517
30446
9119
23606
7136
28738
2542
17827
20675
11098
17314
28371
3224
8945
26588
15466
25405
5629
2566
17217
26878
3881
29552
11121
22876
134
8251
18862
6924
18301
887
25303
17731
11529
22152
19914
2609
13859
30670
26493
10955
22653
7301
3403
22478
26482
23017
4491
9217
19773
18846
24167
27578
25706
19792
15084
21923
1419
13719
26205
20670
7468
20509
32205
13223
24073
8450
24556
24858
25470
19327
802
5556
22590
28106
29146
17150
30024
29754
24865
7079
27927
10156
5487
13585
5913
31525
2500
25104
28515
23737
3319
10990
16035
3499
18763
1714
32342
17877
27204
14753
19771
9802
21689
32006
2055
16187
9513
21551
23130
11543
26707
12984
23538
4342
16896
22540
3615
26680
30244
1064
19830
1897
2085
27042
3018
15464
25723
234
26200
23497
18553
8401
27714
15735
23658
71
10559
27806
13280
1385
18576
3784
10313
1467
25654
17990
16835
23473
21602
5073
8754
30069
4909
31601
9871
16612
2185
28830
12931
6361
21111
19877
23092
6063
23931
23118
24159
29441
24909
9660
11943
17588
5586
14228
26156
25912
13386
23650
30304
15114
6347
4408
29718
9086
6126
21144
15068
22715
23752
21139
23179
30983
25372
23091
796
4933
25038
23063
25277
23739
14747
28253
10788
29721
15368
22981
11044
21943
24216
15378
17790
25887
11842
1972
5625
12235
5922
31397
7093
19760
21615
7825
18364
32763
7341
5177
10970
31898
24100
11801
13743
30974
8080
7752
16130
27039
22810
15265
17496
4033
22919
8736
6341
15606
2992
12942
30211
28645
12338
13665
9153
11849
24422
9438
10557
16445
26516
25216
15637
12470
23395
23453
26459
14161
25748
24903
2535
28495
12016
14193
17137
32733
32639
8018
24031
6553
19451
24847
18011
27987
26244
6292
12713
16
4501
18882
29239
85
4151
32720
10614
162
1653
31723
19433
15164
15887
14112
11132
17199
9075
15228
31766
18068
3816
6258
1649
17936
11789
30332
32042
26013
8578
3589
10260
14989
8933
1415
22994
15052
18176
31473
25509
12645
12352
15435
31618
23623
17769
29596
18536
5962
16521
18956
2288
14445
10795
17990
2086
353
5324
27168
21655
19020
11411
21374
28075
18887
28476
25715
23349
7720
8278
13994
25417
31751
19886
24069
21070
9723
30731
16003
2387
4517
13339
31079
18087
24048
22446
13719
23715
32406
1826
18242
19147
16615
14110
31429
27926
3526
30340
1744
13705
3316
5280
27076
9226
3473
30630
13920
28788
22495
14171
5021
6887
19530
20498
29654
22114
29605
474
18220
403
25783
12278
11561
8685
8950
21645
27044
5372
23186
23715
8420
27637
7605
72
7944
9618
1802
27407
11941
14876
25980
18626
17074
11721
21824
2644
30625
7497
27157
30487
12239
30876
20170
24111
20254
24614
32257
31815
23008
22533
30772
27011
31480
17826
6901
9141
13627
27526
32122
2259
17437
22384
30296
21929
28553
30372
11919
31947
22288
17541
26055
27086
30790
18278
19417
1207
29801
20382
5009
2484
22852
11482
8883
2314
29011
19896
827
9039
24360
32145
31209
21977
2061
13461
26109
27510
4587
11806
20032
25949
30827
14654
16195
28773
32090
30618
24299
14965
30802
32380
22829
15420
18839
3619
2583
19234
29759
21342
2320
1918
9110
26457
31072
31497
8128
438
17395
31635
30112
4319
7769
9716
22009
11419
786
1350
28627
5856
32521
14929
18977
16105
30814
14151
24736
31367
21096
25522
2050
27068
4859
15530
23884
14470
27878
17739
17533
13049
21440
23398
14960
24464
31973
17527
32259
5061
29115
1751
21625
14047
5946
25395
27933
9996
20139
573
10280
29871
5039
10913
17637
26619
15236
4923
15123
1217
14724
9607
17291
134
3310
17497
21539
24281
15337
27342
4817
10212
32710
14210
1044
27968
1670
14339
30863
4366
28060
2182
32247
835
23028
7129
22320
26947
20787
16281
16307
25522
14401
12453
32307
26246
6917
21458
2688
22369
8559
26337
19115
26143
21948
15790
11115
21418
8181
24489
6079
6934
6841
6538
5077
12522
9533
22337
32555
19643
22161
23084
16884
28928
13861
8077
27069
9505
23947
2875
31056
5585
26494
10904
28633
3998
20516
9154
19271
1990
10896
9486
2549
10061
20363
26802
28554
3148
27028
8385
4382
13708
549
24413
27806
19539
29752
20264
3953
16510
26634
20475
4187
27344
15391
19419
24738
10634
