10000
16435
5707
25671
16569
29350
30657
1466
31271
8006
20583
9338
22282
17262
184
21868
13767
11459
9559
29172
15422
4980
22599
9309
17054
10688
4698
4987
24701
17593
16620
29070
20520
584
25552
29290
7223
4210
18315
27861
19301
31193
12224
11057
32415
7046
1516
12123
13659
10213
24660
28114
11307
23313
30011
17436
2450
17490
20055
11877
19734
18661
20614
106
13462
17403
27582
9621
3038
26627
1858
11369
6777
17708
32284
8481
9158
6438
16327
31636
11599
19497
26924
9308
32597
16185
27088
21815
5040
20392
2379
22701
26326
13276
24828
27892
24377
5459
7675
19984
16086
3043
8015
11070
21258
24135
17505
2963
22184
11223
32689
26081
14922
25495
456
28634
18148
11379
4206
26744
20127
8905
24092
24988
24548
3880
30132
19701
11958
31320
3696
20515
10310
17050
23576
9244
25793
5680
12153
975
27501
30496
31506
28168
31988
11318
4112
16020
22528
17224
10109
25253
11271
2237
2996
11384
11881
6224
30232
2612
1464
27410
29957
9238
32598
1710
28167
9675
17222
12785
4170
14109
31292
21130
19282
26578
6646
22542
7660
4817
19407
22591
20837
31879
8594
16525
29945
12425
3212
16605
11662
25211
19173
21386
11683
22064
16176
1705
27011
4882
26176
27282
23486
26309
24381
18844
28121
31495
14840
3367
22853
731
32636
29664
5262
17126
10470
32064
8405
31001
30838
11862
19328
26512
26853
5063
14384
1722
9977
9491
18163
8891
18776
27929
10940
26638
15002
7134
17424
9071
2465
25994
5121
14584
5165
21171
23392
5770
16299
26078
14895
9582
13390
14915
25429
32572
20065
32721
14485
27132
14812
30834
25281
24460
27701
23184
14891
9282
28792
15576
4957
12497
14746
28478
17418
29553
28427
25921
29764
11322
26506
5488
4078
26833
17981
29229
27765
25415
28161
24497
30395
18494
16127
19280
32084
10318
21120
18430
27381
6311
10498
21523
1321
18167
32394
11339
838
1166
14653
20497
4512
3264
9770
6909
5372
2698
30827
6043
16968
8569
15980
28526
24201
32200
16778
7220
15124
12232
992
15980
16897
22149
20573
15638
9949
23975
4378
4794
3999
21142
24555
27563
18909
5346
1333
31117
24640
26081
22783
8213
9270
7066
14923
24336
32742
31457
4262
7591
9321
31940
3070
15073
26679
806
5812
1897
27103
16554
11762
3218
19196
22483
5183
17560
5988
30057
4688
10281
11426
27166
14881
13603
13735
1905
24645
21152
3772
17363
16251
13872
9659
27144
31361
11877
10879
22481
28717
30357
9113
4040
5561
30683
15172
8843
19295
7007
22684
13084
24357
4567
22794
6792
12795
13390
32259
28359
13059
25124
25330
28900
9520
87
3954
9822
25362
32256
31169
8653
5360
545
3441
16072
3352
9885
2657
21767
15987
25736
20460
9925
348
5537
26720
3688
6834
12061
26802
12132
14636
6567
30832
11869
23789
19108
5622
13452
23897
699
27365
16995
294
21909
17617
5492
23734
24289
1594
9615
27300
18588
9150
32042
4765
1679
396
28934
4721
27417
17692
31504
32105
31022
28446
15494
17884
6048
20912
27482
1277
2461
14035
11995
29943
20602
19232
12178
20796
23214
8375
24170
4377
9250
24185
14101
12431
11176
28535
426
31582
25032
18089
22419
3682
29891
2788
28582
802
7634
16134
30098
31143
21423
14964
28797
29834
1622
1478
31979
15185
18445
28608
24034
14076
1954
28292
10572
31962
16372
8455
5020
31649
16564
1218
7860
32446
29805
13226
12294
31722
18370
15969
20986
24318
5624
30382
9360
18440
16052
15915
16711
28574
18693
11581
5693
9586
14244
9801
31895
7463
29307
10533
3619
32099
26981
31437
32316
25894
21557
30040
31215
23386
13305
5162
21340
23723
31104
4202
31838
31640
29977
8631
5230
18122
29598
14102
3524
27045
11441
15407
11712
15134
26182
16058
27785
11980
29026
2100
30708
23617
25633
32726
23975
4250
13566
26823
8318
7765
6991
20625
15661
24419
22799
16850
25127
7550
20960
3892
24255
21693
4944
19102
3469
1126
12892
15532
15892
515
8755
28765
24993
696
26684
9996
32630
20179
20825
18594
13352
21413
3182
9225
16454
1937
19997
5092
27195
21602
25044
23421
14198
31713
19466
20478
16584
10920
25029
8677
9741
11569
31072
23218
25870
31538
6283
25314
6054
3373
17299
9249
23844
12354
20964
7100
29425
19529
27596
29013
16499
20509
5505
26074
23088
14394
27494
11960
16439
25483
29578
4427
23484
10877
10353
21145
2
27736
8472
20289
29310
1743
31283
20398
15929
27606
25785
27792
22134
18867
32162
6029
19605
31064
21232
7219
7479
9968
14828
11570
22691
26808
23218
20936
10856
14352
5359
18300
1092
210
8682
11279
28741
15074
6081
944
20014
16902
12789
28527
28
24568
809
10228
19049
15546
29735
4209
27345
10538
13348
30165
10963
30678
32325
20035
29018
22545
22626
3266
6045
26439
12041
23862
1348
27789
29382
23695
22476
29308
6817
8512
6444
13120
12265
10226
18873
2796
18224
30842
16711
25616
2711
5897
11153
21134
14668
5539
9179
20649
16464
22995
13269
21087
20606
27292
14787
8953
5577
23218
31195
16608
29637
8939
24302
11186
27497
240
11851
22677
3603
11832
13025
16588
8652
823
9123
16008
23245
23250
18737
11264
20035
18967
9908
30915
592
43
10761
10573
16210
25219
10019
29913
1639
14679
8874
30071
20785
84
12264
7774
32470
12178
26086
27779
4683
4293
12242
1387
9683
29879
31908
14397
14274
23798
4610
5403
13447
28105
1632
3762
25065
15465
9835
23056
3985
19822
18856
182
12489
22408
23128
22767
17283
7791
5280
22624
10397
31261
16614
29919
20835
24122
28030
1929
26198
30168
27526
26126
19244
10080
4878
9808
9239
5324
4733
16429
16458
27671
19759
408
3514
7154
3427
2287
31265
16569
3413
14728
25929
23973
7079
24206
2183
13891
24325
28683
30597
23589
32009
11845
7749
17623
10332
1870
24675
31764
23071
31447
15771
17978
14985
28741
8074
18172
31953
13063
13497
87
12878
2342
31959
15815
22749
6173
27206
16314
10371
3052
15578
15173
25683
13416
31197
534
12946
3285
9558
26282
16410
25014
8330
12480
13052
2276
20932
13837
12393
24542
31058
27441
31187
1120
22480
234
25935
31543
2473
24967
13630
14675
15322
8864
4908
17182
7673
16133
12792
22028
13686
11508
23349
20595
30242
9359
27601
19358
17389
10892
1012
7197
16884
13103
28203
11358
4795
29045
454
25986
28086
9875
1151
6761
11791
1438
20316
10511
16035
32652
15062
17948
1870
2907
5690
9910
16232
16016
11856
31898
18831
18915
10043
30827
31911
11833
11680
17993
32288
15826
17162
14502
4471
15812
10637
5461
256
15272
12970
14564
994
27539
30067
1068
17763
8776
12271
18470
29030
16299
22464
9217
27185
7545
7683
2417
2932
22071
27256
23369
7815
30824
4579
23116
25588
31235
19378
21568
22069
36
10975
18757
2495
20226
7704
31589
20031
30241
15134
7276
29987
3273
22891
3578
24924
4790
16407
26582
17506
18705
27388
14469
11385
6047
11033
13340
18484
21049
9780
17746
823
29308
31171
13529
24640
6593
1293
23279
13417
28495
7821
3888
10151
11984
14487
19118
7831
31490
14654
12355
29050
18607
2420
28454
5245
30175
8051
13245
5439
24908
2140
6834
4493
5654
13598
23113
2928
24504
3738
5617
15977
23099
5381
4121
23035
21162
3725
11844
17770
3013
2367
864
20675
15097
13352
21587
30492
20880
21434
19160
5661
26150
21874
19081
16063
21084
18104
7228
852
22736
13063
25491
26312
26444
11597
4815
20774
18749
2197
20709
11613
24167
995
1492
5189
10712
27999
309
10461
19738
182
28436
2519
17325
1214
3838
31830
29364
27737
24923
13302
24815
32411
16127
23565
10985
18991
3835
17968
1907
26614
3769
25081
28752
20722
24648
25096
17202
19299
21236
12872
28390
13103
6682
9075
203
8583
26170
28633
9864
14280
5198
32093
30718
4511
26458
192
7548
8817
69
26146
9778
506
2023
8901
8937
27700
16227
21525
22769
30842
27319
20453
8538
19437
18833
2556
18535
19223
4709
29392
319
3790
9148
13201
16870
8283
24527
27497
7020
16604
26196
20995
25188
16359
8344
25418
15256
9584
21454
30835
24827
13037
11686
29245
13023
32695
32546
22647
26984
13492
6566
4803
31297
11059
590
7835
1677
29463
28547
26257
25889
1080
17617
7899
7408
7942
243
19214
25542
8304
21040
20778
30010
19716
17643
15831
21982
22359
16501
7662
22200
9639
17957
4411
27894
6847
9899
31362
12765
26139
8609
28863
7939
8013
9059
21938
23230
12447
5409
13723
10460
21754
29490
21571
21396
11526
7595
2875
8381
12179
5937
23912
10046
31032
9739
25536
6342
16185
2939
30542
21437
27054
17743
15484
20858
6370
3507
29585
17590
6650
3401
12921
31808
3799
29564
27589
24051
19773
26897
26354
3558
14644
4350
3566
5602
7854
2944
13272
8473
20075
12136
14599
8212
538
28085
12367
26862
19393
4968
27007
10176
5214
23956
1326
13148
28111
5045
30136
6718
15343
7234
4483
31679
30978
16262
6791
396
6483
3243
24333
3415
21019
5400
22454
28364
18341
29181
26304
13767
26288
18475
7301
29892
27925
15914
9540
1943
26025
6277
17444
12893
7013
28777
32630
11442
18372
14446
25147
27940
109
949
30438
18664
10258
17203
24419
15308
26264
27980
11863
27757
27768
17316
26026
16554
1381
11058
15939
5720
15919
19094
7442
29751
8679
25260
22868
18213
21060
5473
14354
32658
32581
3781
16619
9012
536
17506
20500
9980
7995
16077
2461
9544
13281
8570
4598
17498
21143
25812
12209
24841
4903
30349
14985
20918
6588
13363
31652
21890
6472
29701
25365
958
21795
4100
13989
20388
26101
10061
7635
29764
17877
2469
12057
23744
26546
342
25201
23740
24050
28474
3352
19729
21594
27925
19090
24769
24878
27175
30446
17968
29081
30210
7755
26769
21838
11674
1435
26014
11632
32411
12455
2956
17072
13567
2388
29502
1717
1759
3108
2745
17600
4745
7679
9176
17808
724
28468
23360
27267
19888
4027
27543
1023
16641
6333
16625
26384
20910
3925
24715
1618
24820
25753
30908
4626
27649
14036
11560
25520
22974
14358
29495
14407
23276
24047
4806
32400
4210
15991
7964
15364
27637
16017
31775
19777
32426
30065
17351
1455
10856
26972
8148
29283
26882
2479
27580
17476
7635
2595
13032
9580
9626
847
24351
32209
6281
31855
11075
27428
29336
16995
11835
28665
5663
12283
4656
7721
23716
19313
19452
16500
10737
23863
26335
18283
13674
25587
14452
32142
32158
2505
4324
18097
6684
32472
15194
28324
24456
23815
25271
19218
2542
30977
11910
13482
24917
17534
11314
7037
3224
9669
22646
15015
1649
26734
23830
12082
26839
11117
22221
30263
650
28748
14214
5702
27372
12216
6351
30728
2066
5951
4746
12835
15131
21592
27109
19550
9920
4260
11405
15878
17453
883
3103
11152
14863
15498
3552
10111
10735
3108
25261
31369
26558
11318
31541
14069
20401
3831
11365
6983
11855
30368
30756
2079
28360
14960
20033
3423
904
23796
22953
21132
15628
22405
11742
24183
756
16146
26788
540
9050
9760
7166
27338
11363
24590
5208
8068
1043
2462
20230
28072
12902
31409
13549
2254
4508
1362
28032
25075
22740
9718
24047
31191
13532
2306
10394
12963
25416
2446
16588
25807
961
3433
26278
15171
5024
25181
8025
6844
18364
180
32153
6258
14463
22266
20046
17400
5184
773
32140
18531
19404
7219
18373
10414
27974
29427
2877
7005
8498
27015
19903
18785
32204
18952
19087
29756
9374
15786
7327
18277
24145
18753
22789
22766
10436
29444
11693
7524
27483
30097
22603
21239
17818
9266
2452
10202
11250
25695
2222
8173
18138
24708
10981
32154
18466
22532
29599
12796
10884
12413
28818
6215
3965
11342
9780
100
12123
27222
8307
19675
3990
4863
31655
10230
29539
22139
31173
5156
14983
8270
30677
23451
8809
9229
22438
9025
7532
10085
12736
9421
13435
11614
25498
21545
9958
26337
19981
29723
15468
3193
22537
24101
32153
1366
2439
426
18002
32663
21182
24145
26286
24009
21402
32175
17927
7594
14186
12320
15441
7219
30937
4341
5547
23254
8735
5589
29748
10757
23928
11613
1056
23795
27093
12554
13835
27294
18386
11865
29580
8205
13033
19244
526
18390
15077
18800
2011
27364
4505
28157
26490
3703
24785
20157
25915
4972
15497
19473
19216
6847
1373
14704
32414
4942
20289
31058
15764
21728
8306
4172
29756
27749
7341
29564
25168
32128
28830
5671
526
23874
4507
31393
25998
19001
9618
19053
32340
26025
10048
14758
802
21017
6820
14749
26639
6929
26036
16068
7389
18979
8526
7627
1416
19752
30321
17416
24859
4556
23469
20252
4807
31309
18136
18388
310
3967
9987
1101
29
5140
15020
30044
30737
23834
5686
25388
16539
5061
28310
23849
24718
17519
31822
24861
10392
24285
2719
32153
23576
3012
1786
29591
23599
31627
9401
7005
2330
4691
26892
4261
19903
5429
13110
27130
2437
15562
5369
32613
19561
20721
3918
1097
6479
12748
1882
30860
8853
29196
1950
13559
13550
26223
8558
5856
17518
20102
676
3846
20449
31420
5013
6076
3681
5012
12612
22090
6952
26162
22486
27536
5026
23069
20806
14316
23494
29763
15450
5726
31911
2878
32726
21226
20806
4309
32239
24638
30123
5318
7170
4245
11316
25795
29318
21979
11564
28090
14656
19730
5279
16985
17333
6388
25197
27346
8677
20442
16542
25051
14646
220
1013
25337
27055
5178
6856
28159
4966
2811
24079
9169
4156
25043
30906
24686
30151
6986
22856
13870
13200
13595
24981
11848
24959
3290
18675
29334
21139
30682
25725
17565
16342
4686
18856
26056
8081
2478
32539
21748
31932
26205
12225
1329
25272
6280
5148
29127
12609
19537
1500
13176
27806
18733
29104
31493
24090
24714
7004
5364
6328
12214
26636
23183
13859
14588
8935
13360
24548
6160
28648
4284
30935
21933
24809
30318
31456
7804
24833
4310
23770
24888
27152
24609
5328
6160
14488
28058
2672
16716
29135
10609
3516
19252
28658
21947
9731
30509
10459
8891
19728
30758
25302
24672
27297
20530
11185
26894
9243
12662
17938
10658
21627
26182
269
27312
16528
1163
11766
16142
23400
28776
10356
15255
12040
29213
9431
23593
15711
25387
14508
14832
28029
14009
20878
30439
22785
24886
3647
667
3536
25408
11767
7219
6157
31684
2555
13741
26693
17767
19826
7274
27113
17189
24436
2797
24066
8248
13157
2016
20000
10044
29569
13911
11155
13456
14775
31577
28382
10239
19131
7325
19305
6560
1879
15505
19318
22010
2050
22432
26710
25964
5811
9909
29405
8909
31479
2811
24595
9551
19522
26344
20012
425
16002
2169
21947
9845
7418
2239
31522
22486
26446
17562
21581
3679
17626
21189
13984
15664
16968
6930
301
17250
3426
29431
22315
3238
8996
25418
24227
9512
9238
31561
22381
17594
17113
21725
7771
5422
255
11808
28852
14339
11808
15388
996
20293
23849
6870
17777
3502
17400
32395
22321
4625
14630
2617
7099
4601
17444
28513
26395
6029
29578
15115
10186
22198
28075
29708
7133
23940
28525
28292
26236
9166
11608
30890
6550
15897
19180
17612
2003
14267
23608
13457
29386
22593
9640
27010
26997
22541
3615
16072
27361
18500
30533
4151
8490
12775
28707
29324
18599
12351
30189
16627
5986
2687
14110
9165
14539
4261
3274
29871
12717
16289
7728
9134
16480
28857
25232
474
3393
6188
30012
5384
16223
22293
28656
22741
18807
25747
16230
4327
803
4647
9766
4214
25166
28509
24988
6923
26859
20655
9580
17032
6886
15782
24842
26217
4187
2626
901
14409
30727
8092
12707
27048
7676
14282
8755
26347
19096
4355
5279
17316
3511
23555
5569
15380
18984
27057
1783
28655
5470
23552
7034
14942
16232
24083
16363
19274
5924
10148
8239
26072
16047
20390
16253
26672
9247
12841
22197
131
29301
28031
27892
13132
3789
15005
24165
5846
30168
9411
17754
26622
3468
25696
31131
23610
16154
24880
6653
21722
27937
8103
21559
22414
6689
7570
24306
28713
21298
25084
23071
24484
13046
17486
2445
15462
4300
11963
7611
26562
12358
24539
32491
31938
1246
28566
20087
7203
24036
6980
4712
14752
3771
7442
16197
20084
26437
4776
5161
5402
4252
14089
32024
12887
8707
29626
28563
28538
540
3366
30058
27107
26715
28225
22994
23490
4794
22380
11447
25121
942
29849
4180
25637
23642
7855
1280
32656
9987
19504
10059
7819
9669
29977
5193
6819
31108
28169
26670
4369
13605
32422
2843
19518
12541
14140
16440
26246
12937
18856
11011
2620
15456
26997
16104
29423
6759
30532
19729
5100
32324
31601
9343
2052
16405
13299
30810
11920
5985
14724
133
6578
24654
3
2166
12765
16661
13846
24645
12951
17332
18451
25602
25725
14307
2593
3404
14472
29000
19866
17183
10384
13806
26036
23534
270
28916
24417
1522
30758
32130
28787
2497
13797
7681
25092
6946
12743
29580
31253
11296
2428
2465
10357
30301
13547
18973
31461
11945
15224
28007
7289
5843
20098
15083
25665
25023
27952
11722
14121
7609
30062
20943
16670
6409
17970
27814
18802
29896
22276
18248
9858
23026
26813
11194
5270
1212
13199
27383
29704
6695
13893
32555
12969
31701
2764
7713
25696
3611
25587
20479
20244
9305
6255
24113
28108
1926
24354
11939
12053
19215
8349
24371
29349
25570
483
13670
2621
13765
3183
13913
16852
2797
6009
31483
13041
10700
22134
5242
26457
32042
12510
5371
3818
631
18225
4238
19655
29280
18748
10849
24501
22432
409
564
10693
2073
14965
5644
23348
13347
24469
27692
17551
36
411
6465
5146
23649
7814
30429
627
3859
21369
7718
12915
9406
23485
31440
18517
15038
264
2632
31770
22562
24832
6962
11051
18622
11259
8470
11585
11900
16649
28758
28802
15603
19252
30308
8429
21307
17414
16945
24311
26623
32588
28905
18806
31699
9242
21213
24255
1480
14095
23745
30987
3646
6618
14615
27168
27642
9213
3563
31277
22393
14545
19137
19957
18563
32459
4812
30767
20995
7165
5984
14893
28693
7136
30378
14269
31841
25168
29343
8781
15528
20440
5170
8018
16284
31536
3786
28138
31733
9220
30707
4031
26049
17143
10067
31023
28155
23272
21217
3243
8288
28532
15185
25949
21374
17596
31954
13582
7950
19560
22524
14662
3203
25580
1796
2997
13795
18441
29491
20945
18134
24983
24214
4033
5117
20355
22006
8826
15492
21012
32522
9512
2555
31602
5868
17871
609
18792
13514
19762
24706
3177
9438
24052
26244
16337
28576
12029
16060
14190
24890
17695
24262
17983
9532
28665
8404
17019
19089
3612
1862
2773
17330
23661
24187
28927
14105
21707
12519
11629
13305
24561
16742
16475
7980
24221
32720
25617
27756
19954
11214
29798
30663
2842
6636
28547
4941
31281
20207
29673
7436
5214
25960
24502
12606
8515
29065
29987
19648
8088
22328
10322
29638
8466
18018
31303
12494
7562
20882
1332
32722
347
21186
7673
31170
31500
4721
12011
21553
19503
25845
12244
2383
8584
12819
24380
15383
13938
6861
8423
11465
18303
12667
9631
20891
6239
30749
16436
26539
4355
6384
3008
4153
13825
3391
18223
19987
59
9852
2559
30544
22460
11663
13893
28481
13794
3182
19441
15525
12994
13806
338
20508
456
16345
17629
3807
8606
25408
3114
30125
17231
22290
5183
26633
11437
14574
30481
32674
6640
30774
14920
28691
25247
30565
15171
21196
26036
22434
7260
28496
251
8853
5997
21410
6075
18041
22931
20729
27800
6258
19505
12475
21176
20769
28472
13737
31269
14198
10406
15703
23410
28102
11597
5600
1698
5406
26326
23511
22853
15062
31493
29825
24548
17513
22591
30785
26271
19844
27465
8531
32021
11356
25170
4797
29060
4165
8500
2947
1841
28289
19191
23067
27659
12629
1174
9248
12683
23906
21766
22091
19678
8499
18037
20638
25158
787
11472
8930
24510
8481
13703
27988
10973
14246
9364
14748
26108
24997
25274
24574
4251
18356
16650
19668
1793
12555
5548
14908
9507
10971
5596
12814
4295
14817
4403
27665
28393
19002
29224
23662
2142
20857
10198
1636
8631
22263
23808
26430
2664
22122
8274
3458
10026
12473
25065
12396
31645
7951
27158
23450
30514
23599
11615
777
2376
30727
8647
4928
16533
2439
31056
20939
31176
12979
26045
8683
24940
10999
18844
396
19728
17339
31364
21111
12197
6968
30876
17353
11559
29066
16220
28580
4480
21510
5016
292
11945
4813
29370
30357
26130
13473
1871
21475
24900
23800
18117
22865
15813
22607
7282
4718
12347
17089
17881
20806
25301
31960
17449
27093
4839
25251
1799
16833
12756
30985
13453
2120
3377
1372
12947
10870
16935
17202
21805
22428
25
11376
22132
10751
24199
1959
31626
18381
18995
12452
2776
4181
19842
20290
30618
10614
14372
28803
26270
344
27127
13791
28744
6235
17705
3804
17370
10061
2974
12511
4082
30176
11153
16706
21589
30043
16253
26022
234
29583
17726
11915
1546
31245
20595
4126
14839
11670
15400
23889
14249
16851
8114
31025
6865
21830
2777
12917
15640
18817
19773
32082
22695
27542
19698
32663
13293
206
12398
8949
15004
2974
24485
8606
10229
23766
8306
16659
9798
17692
21049
12086
1969
31385
3275
13735
31790
1778
9865
14157
26835
20858
26061
11315
17492
6566
24965
3990
7366
30145
21793
29756
10920
10720
27568
13063
5411
27417
17989
26569
19345
25328
16800
12378
6205
1810
16138
25064
20585
6470
29825
10383
17814
25504
2069
17705
23551
1271
31378
23912
27239
24986
9567
4642
18196
3135
20390
20459
9756
15164
7861
3561
11487
7674
26021
28388
24277
9894
6201
30877
18314
7209
25864
21857
1510
2139
15071
21469
7346
22131
15713
6452
11352
13763
27888
14671
31210
5282
1489
10613
26470
18345
23178
16667
16697
12578
11663
15613
1281
31933
19998
30829
1431
17285
31848
20715
4173
11283
22769
26615
30580
23297
25401
14115
9762
18338
19356
10860
8498
18672
7287
13514
6539
28358
32396
4870
29606
31568
7336
12492
26698
4287
27267
25601
8858
26433
21223
29270
32594
7984
4372
5406
20814
905
14692
28509
20300
20641
13611
10785
3826
21267
13793
11029
12563
29437
25475
6483
9006
32620
18998
9338
6711
19988
19246
16896
10906
837
5326
21706
8574
5658
26128
29434
838
25844
8488
15881
21342
28198
29028
277
2356
242
2135
2428
22148
31413
13878
28073
8921
25694
24962
13870
24657
1060
8679
7443
7584
14201
613
22382
31063
10553
11949
7476
23143
14376
4046
25423
4576
8603
7184
31729
18943
17525
24096
4391
26216
4181
30574
11697
14768
29966
8660
18449
13342
26200
29816
994
28595
18373
28659
7531
15719
21750
5555
13172
6070
23054
3741
25432
7771
20583
9463
27484
32604
13188
5510
18239
28998
8775
31731
31507
8890
8292
24180
75
17192
3094
7336
2324
2267
7185
17858
3561
22582
31159
6633
22881
28733
19342
15071
1612
16471
17394
20449
9215
19281
2055
8399
29932
15271
754
27789
31606
3327
31049
32425
18691
28407
28871
18494
17234
17696
16453
24
21519
26698
23525
3608
13988
3331
12689
17882
22611
29530
10660
13462
32385
17385
8166
1604
10069
15890
26814
17924
22658
7048
13987
32188
20577
19729
29652
30979
19779
29835
25673
12094
24325
16429
9193
6408
30437
2832
21757
29912
10643
26350
4837
16093
22412
29481
32009
24621
12195
9487
28179
22815
16352
25948
13148
27381
2190
9984
22691
1215
17808
23331
23557
30588
25076
26215
24105
13697
18891
31597
8892
8479
3639
32410
29981
11904
4037
22299
17753
23762
8957
20774
4441
19111
25400
30083
28250
27036
10162
31308
18078
5433
20192
12529
8033
4377
21508
5502
31503
12875
25342
25377
11188
14327
24165
20967
10676
5957
3030
25030
17084
15994
23180
22240
13560
4965
30769
19206
2695
12537
10228
30843
18732
10299
4060
8699
19014
18527
28764
15356
20226
12845
31271
15156
9423
15018
13893
11355
28178
24821
13415
31026
25371
23407
29560
32452
8024
30
14452
22764
20169
3156
18301
1815
20404
3979
13100
20043
7322
32148
13861
31849
4713
11249
19182
28847
26355
15999
30209
3456
25503
18264
30239
30568
14431
7671
20200
17755
31458
12701
25001
1597
9738
23284
2165
16296
11680
28914
26487
18921
31303
9473
26758
11595
25006
27229
5370
25753
28426
27837
16830
10462
4036
23093
16807
10863
30830
1115
4612
23339
22012
7337
13687
11778
7985
4130
12547
28596
6743
17976
24421
7387
27443
18158
3752
22828
15672
3130
7156
27642
24059
685
423
26107
23527
32085
2982
21583
32050
8419
9718
9406
8975
2569
31110
8002
27942
13094
19279
6341
12609
23845
20895
17195
6984
32674
29618
16019
2415
1103
10115
20442
30894
20887
25057
24673
5490
26753
19653
11025
17554
6614
14307
15004
14468
5766
30591
7429
26321
24392
9602
28770
29126
22401
30925
11489
23148
32615
9933
20489
3771
6502
848
19778
10251
16067
21143
26520
28107
10111
428
22716
28789
10622
14582
26955
20673
13032
32010
24147
1818
17360
20932
24596
16206
11027
5015
15875
7305
2691
31521
13333
31108
26181
32514
5433
30970
17272
2031
32550
31324
6679
11010
31576
18117
7713
24148
12629
2608
9207
23502
3637
27881
9221
9788
1377
24897
8612
25763
20123
31110
31039
2005
17727
23090
22965
28226
19656
7267
27903
31249
24213
13451
29715
19824
9454
12649
23048
8488
18242
26424
634
26996
19378
23334
22320
15635
12756
775
22780
12956
10928
11595
14307
10258
4623
9517
13950
10424
3318
26414
23712
25894
29037
31170
15674
29085
23428
15945
21371
16024
5016
20032
15163
32675
10707
14521
18585
29808
27378
13320
17123
18472
4683
6080
18103
31487
23822
13022
4968
2571
25291
21059
18339
18774
22324
2920
20819
9266
6437
8013
5313
14284
13025
2482
3840
31748
12191
4234
30600
28284
27205
26541
9505
29679
14707
15565
14851
25541
7363
16299
23355
29156
20303
31370
30544
27336
25460
3812
24615
30166
19414
10845
15396
20973
30116
18421
4754
16447
22558
4481
30533
4447
7508
30044
6525
2202
18480
17498
14862
2443
31670
27645
19646
17386
18315
8428
18671
20901
7604
3488
28030
31538
21921
22881
31722
5667
24682
7025
11961
12795
4696
3719
28439
1856
9639
6270
3521
23761
23178
31311
801
22394
22640
15421
31418
26566
13446
10831
11719
18964
16765
29955
20767
19693
3213
19009
6748
20885
11194
31374
8252
15072
16726
32386
6728
15943
22727
28796
17331
19259
138
20116
25988
31930
17784
6353
19448
18719
29512
8093
11041
25662
15958
5749
14036
1968
15010
16101
29122
5484
17436
16308
30693
18583
15391
31836
18462
26782
16443
188
20764
12929
15927
21777
17791
27762
2390
20003
31549
22430
21722
11708
23109
29771
14279
10078
7779
19491
7657
7477
28772
14031
18968
10571
6778
19656
19899
18171
23522
31850
6539
12456
8131
30027
2970
17839
7002
24010
7827
3225
5972
1771
7747
9622
26747
4706
1368
16679
23445
16109
26729
28442
6281
20199
4663
22971
16580
15643
13619
16713
19675
13270
22080
19367
28018
31296
21689
31828
29532
19435
13238
26781
772
20141
2187
31761
5899
6827
12946
24886
5682
2231
16427
25210
123
15068
9472
22380
30603
4918
9614
29228
9811
3335
7137
288
19439
11272
31134
30953
28110
30205
11079
23190
29972
10892
16571
18967
15164
11599
32508
26868
18946
22056
16181
18751
21120
7125
16124
3271
8087
19652
17876
1166
1936
18984
17398
25725
8451
31052
20049
24407
16120
24359
7119
16108
30797
6706
26586
19599
15960
11894
24095
7625
18124
22505
29585
6479
19681
22266
20657
18482
28079
27499
12557
18262
9179
29023
23559
27941
9846
21684
6872
30596
12066
20114
20437
22022
27511
8516
4848
25696
7589
17991
30593
10526
12378
17057
24391
27796
16870
5492
32425
15382
27293
29907
30274
11628
17020
19668
9629
30336
27152
13543
6973
11610
6804
20326
17889
17486
346
18285
19206
5748
27244
24811
9900
6233
32370
20217
30813
244
6102
17515
8556
32476
29479
29349
6267
19896
16059
27313
5695
16374
19865
5262
32648
4288
29077
12490
12411
4651
16573
6227
3362
2994
18932
11914
31528
23780
31965
14745
10461
14425
18683
5382
17792
2794
14358
29321
3774
25377
2016
7451
22390
27887
1752
29264
27583
21917
14447
1510
30252
11269
1129
9118
19023
4354
30087
9034
14459
19493
19299
17192
20174
6314
25499
31854
11119
16042
15921
1574
17429
19602
8498
31292
18121
1235
8086
20694
30700
21467
1896
9699
12667
25157
31527
31991
26514
5964
14955
30550
22063
8070
24011
12367
15417
19407
2559
13259
18369
23682
24130
17189
6023
3312
8698
23612
30144
29450
30107
14023
12310
1889
2761
11241
12529
26961
10173
15366
15861
13176
31209
9940
32716
29805
31711
18869
14117
8111
29295
14404
17148
2780
17679
17197
23580
19236
13697
24899
10723
1788
15023
11980
5190
4119
730
30495
30484
22930
24819
31858
6783
7791
10569
29165
5336
19524
16741
23555
31130
1588
26418
19201
31146
21535
29538
9191
22749
21014
6924
27512
23739
29714
29850
18317
6275
12773
17378
10926
14959
12144
20883
24035
15928
13591
20947
23752
10461
3186
7718
14304
12705
5445
18066
28971
31826
9907
15873
1787
18641
4270
9702
8451
15311
20914
32035
5041
9429
21683
13867
11710
25991
19284
30819
1027
24105
30809
4303
12174
866
32351
21994
12789
320
1738
725
29674
3965
21760
19892
4624
23297
6613
15702
27661
10407
6981
532
10721
5444
1129
22011
11126
5862
29092
10285
5751
9049
3358
6020
30310
8176
20339
121
8937
32385
14508
8772
24677
11186
5486
8005
28366
12915
9329
23715
31422
14540
12340
1331
9412
14809
28911
13211
4862
8467
19146
1975
16618
10960
15436
11067
377
11790
4374
2458
26469
13164
11473
16167
1989
32121
613
890
19167
26161
2923
4886
16189
13765
21478
23625
8963
22171
28205
29523
6015
2710
25388
4554
13058
1431
29388
9532
25838
4420
14512
12567
24593
7688
2338
1990
32561
25946
6733
7965
22504
323
19884
1015
28595
7450
11714
12573
18245
9107
29708
19818
12321
3576
11060
5421
8295
14517
16775
29391
30958
24858
8105
2742
29076
12381
6023
15976
8146
30686
16270
27380
19348
687
3611
26254
1607
8276
18738
377
14387
19655
7794
3626
6155
6592
30536
13482
16578
15666
23908
5436
22945
26905
873
32320
1175
20595
17897
14679
1744
32140
14480
13256
24456
23935
5023
1570
16674
9466
5532
7971
8308
29249
11592
5593
20070
20598
32722
26375
20411
23
8010
8650
26414
10440
1368
18300
1473
22611
9774
25305
5458
29421
12219
6752
20847
30907
18722
16892
8811
17556
26218
12260
11953
10249
1143
22720
5721
2210
24889
30477
3321
25195
1059
16834
17854
21423
10975
30260
26043
5636
28224
14647
28800
2183
13176
4998
25327
12137
15755
3429
28747
19627
29443
11652
5522
30245
11238
24359
30477
19661
7141
900
15397
14646
11478
12908
23928
20823
23908
28206
6444
19342
30725
20153
387
8933
13869
26624
22960
20627
9154
28579
13546
16070
22223
26059
3006
22687
20348
17749
15273
23422
5182
32564
9446
19841
24139
17680
23173
15687
27217
26419
6333
12026
16743
18854
30083
23180
3652
13463
32603
8000
21166
1022
15983
20589
4406
31361
19422
16255
16163
15252
29526
10046
4780
12516
4837
23635
362
24310
11532
26375
780
27915
24854
27215
27725
25672
15783
31750
30243
27155
8600
21113
17721
31168
7938
27432
1440
24941
5273
3787
28354
1578
28988
22164
17303
13150
21962
5812
8987
31078
2358
21024
15615
24446
29406
7061
16030
27877
3864
2009
3124
19772
4622
5445
6730
5167
11469
11392
31605
25688
10392
7821
30272
32096
19586
17416
14183
30056
16700
8620
29766
8615
26411
13849
4496
29268
21181
21716
8772
17862
25342
12944
21213
30426
9830
1708
5322
10901
501
26108
7709
8458
20099
15052
4487
3454
24657
32290
25220
14795
11491
5700
18899
30978
786
32378
24105
11604
2397
7189
9510
25907
30336
25776
12424
21428
14408
14774
7071
10296
31909
7461
32001
2379
20737
9105
8318
14028
19408
18283
7510
5967
29800
387
7338
13503
23827
19148
25649
27720
9059
27487
31020
21875
19142
15043
28572
9363
9562
13676
14770
3169
16131
2945
2951
25315
32442
3299
9997
3474
29224
5738
9286
30907
30579
25714
2483
7718
14680
28310
18704
24310
12666
12475
29758
13520
9465
1361
16001
32319
20295
29909
7659
27223
12087
7834
8472
18329
10839
7882
19740
14871
31360
5543
6074
7385
6571
13335
20951
4734
8198
29024
5677
2342
18504
20016
4164
13712
3649
18656
12190
18816
7093
26361
6962
26980
30570
30712
31005
9526
10880
30030
24211
30884
20481
9131
31771
5743
17081
22908
23036
785
23880
3763
14578
17058
117
6598
27430
7676
21445
15866
14685
17182
29773
28385
10352
17614
1476
27937
13052
15747
23004
8312
19290
6529
8658
21245
14802
19526
24132
12713
11019
29989
324
13845
710
14129
30378
23941
18124
18524
1710
20774
13861
31712
18102
25492
24715
19422
3180
1951
21023
9797
5908
9295
10074
246
25373
27174
7493
31014
23541
3492
29165
515
24610
2833
10513
26266
19343
22390
2335
8952
31779
8941
25695
22671
1176
4122
621
25052
395
1274
15852
18759
17615
30939
10873
10059
19207
25516
22238
11222
12148
12919
32648
22259
4619
25900
17724
9382
9163
14752
15365
12311
19789
2005
26225
4595
9117
13180
28924
32272
8008
22200
16845
25680
18870
2597
12448
6343
21690
28185
31492
18208
20584
22826
18630
13628
29479
20464
21677
6429
10247
10764
3431
1539
22356
2152
17092
13524
7531
193
13090
11201
25548
8803
3369
2343
4209
14388
14776
30131
16222
27636
542
458
14970
11971
26254
29224
9117
2788
14541
16327
1258
17088
20270
20226
15199
24878
25536
8698
28586
7921
29638
2617
4414
16770
13159
7573
1959
22289
27047
29271
3610
29638
18582
26269
27985
21580
5575
30461
1942
2448
14084
26731
27421
4550
30528
18781
24214
686
6093
3629
7171
10517
464
19646
11719
16798
11249
23394
8704
11970
2135
22267
2071
20502
3795
21601
27798
24268
14171
16644
18233
29565
30907
14035
3911
6438
8071
18268
27170
4464
4436
564
10269
11828
20519
15001
911
25662
21038
20566
22054
31569
430
32743
14461
32620
31037
32222
16368
22348
20529
24965
20143
9266
2904
8901
10769
20198
1514
12102
19243
26108
26299
23256
7586
12630
30133
12050
8381
7914
25990
24120
7870
27845
26006
23906
28275
13392
4156
27099
29448
15059
2353
32200
19999
11063
24645
30730
30754
7440
3152
31589
13016
3291
4716
18657
2615
10627
11617
6512
22394
6955
2401
15058
31347
10023
26614
29622
15649
21835
16440
29474
5509
31337
12099
20244
14770
19477
19688
22122
14884
25003
14499
14847
5714
18068
29389
20759
32646
452
22035
31997
15853
13959
17703
28650
27626
17022
24757
23337
31664
31972
22937
18553
15120
31510
13135
8883
18831
32339
2731
12716
13500
28352
13514
3421
11969
1967
19016
19521
4919
6432
29363
28927
11839
648
1088
23369
31182
19154
19389
16388
17736
31140
4295
27817
31569
5603
10813
23019
31200
28025
14069
20890
12436
2646
20141
11207
31052
30900
16196
26409
24306
17056
10794
8383
18071
17590
5653
11959
11973
16428
18677
25231
30992
19986
32299
13946
29167
6103
19701
27141
2762
30992
21293
20986
31316
28277
30772
24452
14107
30252
23593
8853
94
17739
18270
19333
26910
30360
11788
28668
6519
5779
7237
5905
14897
12470
7723
20659
16019
16891
30816
23624
119
13471
17597
8853
25252
18725
18247
1758
27991
4255
3934
21326
6435
23593
14648
17561
15355
17846
25486
30943
19598
13839
11669
17876
28627
3096
20784
14878
1252
18773
11620
19966
8975
26542
21772
1843
15914
15471
30158
5147
25896
3219
11085
8732
20202
13890
4768
29506
10583
5016
12804
30505
24239
31400
2253
27422
17692
32449
23459
17793
27787
22256
4330
28781
32441
3525
12674
6044
26001
24154
25009
3460
11189
25234
26205
3014
19291
30367
2687
21193
24410
30151
30932
27810
27268
13415
24022
5944
10551
23352
26090
6565
8495
2001
27611
2271
25502
22125
27527
16279
13695
14575
3288
3425
4647
16163
23286
24854
15389
13383
31675
29302
20523
13770
31592
12050
3765
10067
150
28266
20298
10245
31855
12626
21113
27906
11037
28826
26086
9517
30851
16109
3741
18997
7467
16890
11685
719
1920
18130
21209
31298
25918
30097
12787
20777
24870
26689
28138
2932
26870
10491
11902
8113
3992
23375
13328
2954
24474
5351
23992
4494
12766
10598
21906
1076
23699
28054
22360
16924
20067
13763
17718
18329
27118
4962
32473
31085
13688
5623
11978
3283
13022
4917
506
12483
29647
14950
32158
23665
15928
30477
26428
26391
21760
26314
29446
19700
14582
26239
11368
17812
30216
31409
19677
3923
20661
5937
29958
5149
26565
2555
31741
19319
7735
3422
18663
32195
24955
17757
27336
19647
8161
11350
25244
9552
850
13025
21411
32382
17470
5883
3580
2495
10453
13924
10101
14456
1146
24645
5794
15041
19316
27158
1068
23401
3815
3007
18028
23865
29955
18173
15160
15741
380
24072
29693
32705
16954
7539
26638
26329
13393
32083
8508
16164
30003
23971
5799
7697
5157
25063
10708
15073
6127
12304
31231
17583
3288
5792
434
22958
11985
24078
12950
947
1009
18796
906
24051
31521
2631
9458
18445
25369
11215
20305
19019
19851
14647
24603
3876
12957
9055
14532
5638
26781
10673
5149
851
17392
19017
17888
12714
29516
32088
6281
26727
27688
16330
15720
23405
31600
12582
757
22563
20092
18614
17763
17340
2115
26089
19832
20156
14028
16373
4507
439
15590
30912
3375
1884
1049
22273
8735
22451
2780
27554
14522
10403
8968
9834
4546
18359
29837
7640
32447
16674
6244
3666
29849
30720
24517
21631
11366
5086
7065
26353
18049
26493
30770
4871
9180
13523
16698
273
27031
29267
8681
17334
25297
30062
13691
30355
13502
9818
31714
12325
6393
8466
1720
19177
4636
26526
29303
18881
20111
2452
32748
23450
11677
25823
25065
16972
6861
25535
4923
8385
13167
23569
18651
29786
27253
29649
21609
15758
7812
11997
2773
7125
22091
2555
864
24772
5908
18206
17091
24185
2456
20197
9901
30009
24856
19301
9587
9304
14505
24616
13827
8793
23248
9077
29723
16471
10062
15570
21688
7332
2877
19656
32464
26799
16220
486
7235
17963
16552
32521
14096
32621
14124
30426
30404
7958
16153
8343
21049
10995
18457
27159
2428
1569
32481
2824
31759
15989
29957
23932
12113
18714
31505
8100
6458
29308
24789
730
843
1381
4096
11237
6597
28006
13553
2169
31514
22649
27081
7678
23457
7140
6085
13714
4493
24673
715
2385
7456
22907
13122
22228
284
3131
12839
31479
32635
26884
19293
31456
3679
15548
19013
7741
6476
15660
25743
32460
25237
13482
18256
12577
6420
4341
31316
27300
30238
22880
3509
18649
30646
20531
17836
7652
2817
17230
14504
26188
15099
20495
5021
19455
14183
7798
30879
23190
18444
22407
11183
18651
30
23280
469
31624
17915
30700
18031
9554
792
11623
2760
10278
4154
13667
5100
7091
12777
24474
23227
7464
14625
32613
21053
19519
7244
28892
26677
6522
7277
31039
29689
18860
19102
1685
1920
21180
444
4754
22205
30118
10337
11454
10539
14786
20242
28628
2474
11593
32442
26216
10377
3861
19287
8909
9188
17832
32500
3638
10800
18288
28887
13083
11028
22602
23803
1759
2682
16452
20417
30383
2535
24487
31202
15277
23559
17461
168
14926
5773
9135
7774
28928
30266
24474
9989
14865
10554
30275
17736
25804
5047
1281
946
27109
17065
16314
30239
16151
235
424
6000
3595
17044
23389
12163
21116
23172
16901
21859
9113
11837
17388
25019
11434
23541
26176
26001
6391
1769
4119
31024
30437
15859
9907
30566
22115
12383
16133
30960
9860
9467
2161
9267
5741
26477
21713
9517
32114
8137
25020
25002
3708
18531
18184
15803
23214
13794
11917
1124
26440
26006
14636
18581
23243
1548
13585
21083
1374
28127
2356
27736
18544
29904
31270
9585
8607
25369
11274
23238
23768
27391
1505
7655
12736
24743
23052
19269
20563
9258
30731
25830
8395
29163
2955
1373
15044
3369
27808
32506
22429
30928
17743
31550
17441
12949
12367
11921
5479
9281
13584
29751
9462
16205
17661
26241
6189
30384
7679
18240
30435
2805
13890
19583
5450
23696
5435
9586
21785
14450
15850
19369
490
21211
3676
29833
19680
25712
14453
14077
11150
7565
14316
14697
7700
25564
27031
31712
8331
3623
10217
4758
19364
4714
4281
25752
26763
23085
22596
17082
31762
12560
19830
27345
3339
424
29541
19235
10741
21641
21535
6684
29148
17828
28837
5699
9338
25556
29239
620
32162
11955
210
12846
24543
9906
25336
14999
4696
9065
19119
6943
5622
25643
29644
29403
21961
3806
30577
5619
13992
4361
30933
5974
18968
5935
3907
6828
10352
3676
4454
653
13882
25597
9667
20208
22747
30708
15495
16358
24183
29932
22147
4232
7439
746
15733
24109
3308
2085
4489
4065
25153
27672
20511
21011
27148
4309
14287
31374
11837
30364
11690
26795
9498
15788
1987
13764
28642
31321
24815
18923
27824
3935
22984
10460
8099
630
27384
2865
14140
32551
11444
6101
12295
31709
14214
20923
23422
13631
592
3536
20010
29629
24974
1326
30987
20329
3035
22418
29242
26121
18359
4624
12493
14186
9863
3589
16379
7159
28893
15438
11649
2441
10234
12471
14147
6785
16529
438
31799
2837
31438
20570
13439
8423
31639
3198
13525
12508
2834
18754
16684
14123
7271
13756
29332
13748
711
3562
13407
19604
30637
6123
7298
16630
22115
367
9022
26155
12489
12653
32255
7422
8530
25108
8580
23873
32335
5891
12096
32172
21104
17340
20992
11752
16007
13910
19919
22246
10384
6771
18198
21877
23535
10354
1288
17172
32504
21734
13117
16644
436
5190
26269
31138
27106
1766
27008
19444
8253
8485
4884
21890
8957
9192
11774
20071
16800
31048
12868
27559
17898
18824
22122
15299
11819
23626
15323
12683
23744
6658
14987
20788
24796
16810
4059
13226
15497
9912
29885
21543
19433
2893
24344
23557
12738
27311
29294
24785
27961
18425
25532
18592
31966
21777
21665
18598
13033
1499
27075
12804
7875
25516
8303
226
12233
13570
10111
25022
30028
19826
16257
8451
8156
6625
26133
14558
10182
15607
20631
29005
15579
20433
31230
18041
25459
6902
18436
2373
25266
23437
2952
28199
26634
26829
24624
32311
1025
19892
12114
7813
25653
11004
23061
8624
28317
30027
20179
6068
8721
25514
3522
20484
24589
8760
24788
16857
946
7455
19163
20169
27149
30664
29169
5019
20380
1099
2327
15194
9998
20266
32028
2216
19787
4926
26817
2389
16052
10737
5146
10288
12716
19374
823
4381
14935
13462
22532
7016
23457
373
2926
11865
10627
22772
16839
21513
24706
13584
15980
28275
5752
24778
15013
17102
26774
32288
9164
20251
19114
10301
1202
7674
23454
1517
7742
3265
25409
24659
29527
14287
23883
4574
19460
286
13723
24953
29650
25880
6594
7682
14199
4524
965
3582
26036
29600
25119
1931
22400
11817
262
17557
17250
12473
6383
18253
24607
24344
9812
25303
6805
32694
28341
15427
25319
25664
22237
22463
21722
113
28262
1547
16255
25387
21631
17965
20499
17862
23021
28517
25635
9640
1104
14179
18163
7189
22184
26808
24097
26697
791
23947
2438
24516
27113
4749
14941
14566
2513
26159
1447
25531
17781
22546
13774
25880
8749
23742
8072
26599
25608
6552
15870
30911
11025
7438
23086
8120
30160
26389
16781
19581
11539
21973
20465
18594
7406
19106
20655
9272
32512
6959
31488
20639
31224
8958
3498
23964
14936
2331
19932
3243
2169
3594
27993
11927
32719
30206
7128
32583
19311
25420
18347
29659
3022
13598
20896
12024
18892
15980
14373
3935
6897
26920
32175
3269
23286
6585
20060
22239
7815
26283
10455
27324
17223
30885
3708
4695
16661
9883
32444
621
8334
8772
16835
2700
15058
18639
18009
2925
9867
27602
5894
10115
30252
9859
10874
25044
11127
4906
4907
7944
1090
29910
21056
15551
1146
10575
20910
13096
24936
30541
18849
29904
12851
3303
5405
183
2471
16974
14821
23209
23860
29883
10140
24011
23866
3494
29226
7541
8836
2617
2913
18495
21778
5892
16353
16735
12315
5106
31544
25650
1874
5244
5966
9752
12649
12316
15105
2693
31699
14085
3084
7509
3023
7953
14381
26464
20642
15611
6535
4431
27427
7630
31301
10414
11901
5277
15232
15170
7729
20597
25442
15516
3418
3728
22156
27118
17205
15563
16566
8222
18656
8282
28821
22553
17506
21691
11010
15722
1260
14056
14680
4875
9311
4305
14110
23162
25101
6409
25318
28944
6852
6848
30324
6031
521
23025
18979
6138
161
2012
18309
32169
23638
23479
28490
5020
3319
9121
30307
7440
25249
25047
15975
31824
24893
18986
11573
15310
30026
13233
10203
11634
26077
21179
13494
5170
10213
20231
2267
3043
30388
2616
1206
9038
21947
10883
25585
23687
24469
15787
9367
1914
1608
2095
27002
10951
10439
21698
23506
28368
8635
22523
20518
16143
13186
31822
12912
5550
30072
10811
32124
9553
9846
24773
16785
21815
2201
12838
32339
17281
10821
30913
21480
16849
16489
22616
20314
23
30212
24447
22076
22952
21736
23888
30097
30865
11198
16225
6121
17194
5450
3059
26317
18414
1264
19564
23389
7049
31863
31752
16952
23859
20238
20171
13980
21821
5516
25786
22735
25065
14332
15690
17341
9855
12377
32537
1506
12445
27286
26588
8554
1999
26081
30872
22423
23391
31529
12822
17252
17007
27870
30097
1896
16964
9208
23985
4860
3813
15930
9149
17056
14821
20920
25868
24475
17277
2455
23740
17122
16862
20
26023
7995
4804
31175
22675
13986
19279
26153
6825
32492
23055
18773
28713
31146
3933
29451
26459
17232
32754
9978
28617
7575
30130
6719
29099
31007
25289
27177
31139
16985
2809
28735
19626
30116
22322
6020
30794
16054
1892
5881
13071
10046
13969
13668
8504
6343
25894
31312
20913
13792
32139
28757
1862
20090
1785
23705
8721
29585
31372
3991
15668
28175
28313
13087
21710
7405
3137
14750
2087
32411
838
21152
19502
27042
28702
2195
8742
14472
26694
27598
9884
27891
8409
28370
3228
3602
25441
22479
22820
17977
17645
27498
29401
971
21348
13501
23033
8541
11544
3743
7313
22808
13982
21030
23280
1887
25310
20075
28763
178
16742
28045
5122
32467
18180
11001
1587
26919
1171
16104
7630
31838
16405
9001
18937
5463
9218
21792
23572
9021
30944
30991
11760
1271
7444
17044
30779
21951
12024
18035
27967
27920
7469
6550
27597
5574
4403
24914
24179
16513
26678
14572
6901
13642
11819
4188
22011
2169
20252
26704
32520
22229
29376
3956
6315
3326
13903
17649
24825
15880
14484
25651
24122
19817
11332
32240
9187
28693
25742
614
25541
18663
4083
24804
8067
9283
5464
16523
3657
5882
18266
13910
2747
1133
25057
7256
7468
20470
1528
28229
30225
15747
10204
20276
27829
17796
9042
7331
22062
24584
27198
12988
18575
2850
370
17879
7775
4242
16324
30015
20042
20129
867
31545
27415
2125
20843
7746
24538
166
5046
18329
15467
25976
26870
25341
9750
19754
15104
27576
16532
19430
3947
19164
9018
25595
18010
27341
11889
21887
15254
9215
21862
4408
32224
26369
12291
21181
4229
18363
26909
9688
27442
19956
23791
23343
11274
12055
31687
12323
12278
21814
17663
11769
1340
22351
28207
1079
27732
18126
2721
25169
23287
30292
18181
5253
13688
7607
3430
26628
12887
32586
9565
6738
7188
29278
9349
22511
25921
30472
17198
3639
17115
14117
26966
5255
16602
6300
2005
28833
1287
17635
4567
14930
13326
18885
10895
25170
11476
14178
23338
24683
3594
24439
25858
3293
14851
6623
1045
10498
19650
12890
13749
23342
14424
25486
22401
8665
31597
843
12947
512
9756
17427
18171
29896
8452
12250
27500
22629
27291
16394
5430
26682
16070
14026
23668
65
23719
7552
4231
12206
24246
3220
28867
24271
22804
8312
23911
3127
12828
16357
5331
25883
26938
5991
20725
15612
16384
28187
22789
10374
31094
14263
23410
16313
9138
1996
9244
19270
8105
19016
707
24892
23365
25919
30143
13539
29112
10219
27890
7656
9743
10993
14588
6843
27658
1509
31405
21046
29483
32273
9920
22655
26637
4722
29126
15151
24567
2308
14432
6324
8881
24896
14257
18164
18070
20450
10771
19762
21227
10223
7177
13622
23663
21751
3446
30632
20531
19095
13068
1982
24748
3395
27654
16919
18695
14402
16410
17126
23228
9466
31145
26450
2406
5998
12346
32285
26834
5125
22310
27524
20822
17037
9364
17511
7780
639
25768
9386
15198
5253
3320
17627
29356
32057
9280
4885
13069
1328
21078
21284
16170
31287
11360
2537
31601
5596
4420
14336
20000
11569
10848
10145
17824
3532
25724
20932
30997
11282
29948
7817
22323
1718
16218
1238
22355
25468
11988
19778
16582
18755
22626
31794
31849
23362
30955
10049
9337
31122
9144
14822
18089
19180
13609
27985
3186
5045
23975
30613
15787
32311
22745
13836
20825
14386
9499
22263
200
2451
20268
18022
4315
18563
9766
25176
17824
20131
27572
14882
13351
21398
21631
23829
26261
20673
27881
31835
1652
21070
13822
25634
333
22903
3751
4093
23417
13313
15649
24198
9524
27910
11438
10313
17907
15096
13195
15837
4600
3811
29985
4436
24099
10482
13439
3798
1547
22069
11016
26760
6221
15265
14185
22962
7460
21081
30927
9506
11066
31020
10838
21195
16062
16222
21188
28850
1719
19627
7287
23307
7320
2697
27036
20382
23060
29358
30882
20592
16691
9938
11502
6560
10918
13750
20433
11919
11864
12645
23991
16963
31301
31417
13217
32526
2959
26146
12501
29034
32206
7587
8403
6696
25768
25629
396
27594
25507
7632
31183
14125
30774
16927
5124
19307
10790
6803
4380
19711
5648
29475
26568
2090
1601
8115
17385
17046
3534
31450
6728
20538
23010
16872
9352
28541
11602
29224
22873
12446
14967
2914
13550
27731
20284
23460
26032
3504
1910
14402
12596
13131
31092
18460
9578
27550
4311
17183
27160
4268
2980
19215
18055
1768
19864
16771
12157
25426
32188
16177
29034
15587
8761
4203
19174
11563
11884
23274
2907
17465
14141
20683
2559
29627
16813
5335
2310
13670
24495
13319
22805
28824
3897
22599
20729
25404
3994
6267
28057
4591
8462
2496
11817
864
25232
30196
161
19197
16879
23416
21102
9932
12836
6708
6503
13462
7139
29148
26882
587
15472
13682
26568
32162
26292
22541
14598
1792
23184
14040
11974
11163
9841
17501
22525
19167
18213
30980
16134
11025
31213
11478
27727
16690
29907
16007
339
12326
31037
11188
32712
17173
29891
32361
4377
26386
9278
13286
25110
26618
27937
163
26347
29855
24845
5521
6990
11814
8095
19107
4861
18094
2701
21133
28264
29491
32753
23500
1962
13489
3812
17126
27582
15500
23119
14835
29680
28719
7678
2396
5009
20467
2550
19939
11759
17731
26633
22499
2181
7167
16295
4057
11630
11037
27639
1060
21024
28822
22566
1033
5718
9344
22016
27642
12110
1911
17085
1816
21301
28738
28189
10742
30944
23732
30647
27296
16316
2511
5773
6620
5128
22320
32485
25007
25409
31143
23124
11555
29918
16677
1564
15688
15166
30171
3000
3961
12511
4256
1972
30944
5584
21139
29378
6973
8553
2
267
5858
31801
17035
3011
7682
5696
30337
14592
19756
11614
26514
21964
27923
6156
16550
5752
400
10314
13065
12596
18922
15064
6349
1757
5716
18089
5738
19990
5815
149
32680
29850
1714
26446
959
10961
23264
19349
25788
19873
21337
10414
15910
8838
6011
24849
7906
6629
16106
13154
31316
2973
27605
31651
13511
8672
23163
5289
20239
26177
2542
28108
30060
9485
25111
10467
30130
6879
31483
21616
24743
8303
26940
5655
23213
18603
13283
22869
24481
9481
22364
22126
32258
9243
31170
1447
19798
15972
13406
21174
9161
25962
5738
9335
20248
26892
17690
3296
21677
18198
23773
13623
32012
6419
30688
23170
11885
5218
32211
28224
23210
20620
8433
12118
1116
18389
11322
20300
8001
17937
1795
30649
20450
14777
4529
17404
20082
6974
16322
813
28920
24221
4877
22100
8369
9012
23626
32472
16047
5588
25812
28986
15303
14615
26030
2
26538
2036
28612
13050
15186
9872
10612
7835
8864
5463
1357
20421
2371
6732
22039
8115
11995
21661
25619
1069
1630
11899
26500
12287
9403
8488
3181
6059
702
32594
25501
11867
5684
14751
25833
28441
1615
20873
26297
1602
32588
28268
11974
12088
26962
18653
33
6744
1694
24638
19064
28460
15581
11919
24213
16097
3545
20103
19495
31483
856
18404
19653
17479
4673
30207
24624
9745
14593
15523
32216
4504
23853
32543
32674
11711
11369
3482
10729
20229
1160
31911
29891
11191
9973
6938
31365
8293
15185
31257
12169
6290
25949
15222
18222
28591
29211
6716
27169
24139
24624
24967
8667
18308
18317
17817
7531
31425
25678
21291
13174
15779
18658
26881
17788
12856
31597
28609
26716
28018
618
17413
30235
20952
9365
1711
27873
636
24584
18301
16196
557
23716
15837
31177
21229
23986
1026
25000
10662
30410
2103
28880
2584
2036
10355
21291
24342
17678
11310
18723
25330
19566
4212
4965
27702
4296
23096
19429
29332
6737
25322
20514
24608
25380
21324
8363
701
21221
16513
23010
12757
7589
8038
10752
31822
2566
550
26713
29369
25248
21513
12770
25036
5795
1933
12016
4370
19901
27320
26178
23009
29502
5548
16706
10893
31866
10108
9608
18907
28270
17726
18336
28344
26279
3938
6925
43
11104
322
909
4489
1771
28409
11167
28392
29266
5497
9283
19925
21309
28888
12801
30282
20758
19691
27436
30682
1388
17430
2920
16175
2965
8290
8298
8118
13208
21200
29695
9625
23626
29934
22352
17390
14518
2215
13156
13102
1218
27231
742
5096
27920
10560
6441
10678
11811
14798
23145
17009
11971
14018
18772
7585
6562
9237
3528
26679
14911
26715
22751
8319
8459
28754
18985
30288
21195
12475
14904
31622
1853
31336
3682
14513
15102
21655
31170
31247
6315
20862
20352
26808
32070
4391
19026
17433
7132
26238
27971
20387
1125
21161
25012
18628
4588
19095
30368
30999
1008
31452
9508
14552
18185
32188
15934
30106
12495
14213
9685
4412
13047
19747
16121
11545
18879
26862
28013
13695
10637
16838
20578
16739
28626
6242
6790
6738
23349
7909
11069
171
20206
32434
19758
12
9583
28802
15874
26634
5706
6836
25448
15653
13135
10724
20829
13818
16628
22462
1450
6331
28155
21524
31918
3293
11854
17455
861
13584
15662
19555
27273
9588
2700
22502
32609
2570
6071
4835
27959
4457
1848
19145
27782
28594
25594
10473
25395
3525
25519
31552
23059
14517
10350
32657
27566
25978
17825
25784
4162
23782
3102
30266
27403
25563
24980
9760
31938
13242
10025
26886
24420
22302
29537
6255
28468
16075
9026
20315
1283
8929
1718
29980
9647
1110
11312
27237
19178
25250
3986
3236
10556
31164
12367
913
5963
7238
21196
3335
31323
32260
28941
15124
23569
659
7821
22604
3452
25688
25453
26210
31574
18358
21201
27385
6022
3716
24712
32439
31722
32702
14827
21147
10836
6010
9735
8081
3538
4894
12542
13380
8499
3537
9898
5428
24262
16687
8324
25352
23909
15937
10948
31525
16050
12972
17610
1663
21153
3624
16573
27311
5175
7220
18034
20807
25489
26121
32143
14690
8487
28876
8944
18303
3666
11271
3401
18319
5900
9306
25869
5452
26871
20078
5007
24269
31650
32299
11624
30039
28167
24107
23576
8311
23896
31598
2800
10061
6395
14671
23343
1067
22483
16822
9067
30303
21185
17808
32306
26188
26730
8572
11250
20416
11835
15047
19478
9857
4779
10395
12658
26921
29888
32115
21985
22068
21717
17618
12588
30552
666
2357
30510
30485
27740
30278
310
29836
29575
27474
26285
18836
27241
4605
2297
30475
7992
19765
5792
11114
6231
5220
18865
6044
26069
3818
25952
1553
11319
970
14064
26638
19575
29091
7638
19783
19788
25315
24347
31151
27052
21047
18434
3471
26767
13126
25579
29653
8695
29598
18807
2735
21805
2030
17133
14937
13389
22903
21980
28212
18692
10173
28162
9239
5785
12930
12141
1513
7466
16372
13280
16752
8761
21286
14200
4708
25191
9917
30863
13000
4222
16364
20193
9594
17845
11682
15853
3848
18224
18433
1695
4293
17607
1043
31787
23068
29960
12216
8252
25637
12927
10723
19022
2934
32309
27398
24152
31804
2934
29131
22191
9354
14551
26629
9511
8432
6776
5094
12155
22352
31111
26994
27375
13293
27909
20531
23347
15557
28621
28975
30859
28449
6098
8471
16685
7018
21160
15041
31210
13118
19270
32216
25105
15811
23818
17875
24209
26171
14333
11555
24669
22745
6745
28849
2581
25043
17224
10119
22754
697
751
8909
21666
29189
2987
2552
2885
14579
26778
1854
23414
25491
15710
6221
21118
30492
13085
22332
8550
8835
14028
20418
27996
23884
27822
13478
32601
26785
32023
2422
5888
26273
7798
5244
25800
31738
146
11502
28509
12218
32020
14693
26692
32098
12614
29328
13246
19772
25882
15914
10224
18159
25454
13865
18240
12881
10126
12345
31234
23164
1019
22888
2900
10020
9835
14883
27974
24616
7440
13921
2111
20326
16669
24094
6556
13524
10887
8715
26009
16589
4360
16516
16501
2216
15978
32450
13009
10639
30210
594
15706
3470
30075
24261
32679
1771
29397
11178
18020
13750
15276
14009
17585
27552
22974
9809
31941
529
24744
8229
7127
22132
18672
18482
19774
24790
31816
11252
18647
6319
30481
28121
8359
7167
8991
17654
4545
19613
20412
9464
23658
22476
27375
8798
26492
23568
24574
26342
13064
8512
16177
19013
24127
5851
4825
25371
17555
3231
1425
9254
30233
22872
15812
22966
3890
25591
4719
7009
13162
17123
32040
1527
12192
26004
28000
20921
1896
31837
24805
6341
29101
4745
26026
25045
2203
3754
26827
17193
12475
3374
30412
12738
31584
18739
20770
20689
2115
1949
31988
21871
10858
14437
12066
21134
21582
16947
14727
304
3900
11312
23931
22743
508
6677
10140
3132
19121
20105
14543
15939
12288
10153
8321
815
28020
18920
11315
530
7969
27929
20533
19080
4232
32714
3505
12965
29371
5332
31212
20780
15810
20272
19145
26626
16700
16396
3215
21218
10313
27422
25835
20049
29864
25913
1849
10965
13597
16670
15871
16482
31510
16020
11706
13845
21389
28603
13534
29221
18224
18589
3352
17942
9664
19718
4566
11055
8375
20630
20489
9007
31021
32020
17193
4412
17660
4869
25466
7964
3875
6269
27023
679
22376
27190
27404
14204
13634
25311
13488
244
8693
3254
1426
18516
11775
4441
4010
11079
9651
23513
24980
20107
26916
8465
7569
18666
31556
16950
8655
14956
3149
15791
1514
25547
864
8742
4530
21031
19308
14303
4399
29435
26450
21576
10722
9296
4423
3026
5454
5424
27001
13824
25783
2654
30709
30653
12842
23364
1480
18419
25277
15149
4452
8793
24088
8884
25158
23693
24372
28028
32726
20834
16995
34
3983
22139
29841
2672
24159
12313
26569
14804
6481
30513
12539
28688
31081
9666
13052
21042
26319
15717
31438
17351
22321
15398
12578
8780
27490
21394
17691
21733
4167
5649
13397
1106
9971
3702
5158
3870
30737
30165
16419
3609
30338
31636
20966
32009
5448
21445
17935
23453
13475
32691
29321
23202
27257
1211
12815
27001
10747
1374
26862
14281
3718
28820
18188
32625
19911
15202
27433
10945
5411
22702
19301
10985
22102
25427
1794
4785
18266
11889
1388
18795
6538
12294
1654
27174
11271
31171
2023
8997
15707
13336
9269
10640
24668
20370
20112
5480
14419
24678
4130
14784
16478
22606
10902
19755
8723
4755
17367
30321
24422
26219
32538
4486
21453
13190
10014
16572
20642
7396
19890
7735
22728
26089
1145
8609
16273
9651
4842
3616
11999
17579
19866
31877
22666
30810
29374
21959
22274
12671
12267
20911
310
12382
13601
19924
13748
13146
30984
4298
24849
29638
4729
19863
17291
25849
19264
31590
14829
27040
20513
21888
3507
29529
8729
6007
4207
16509
11493
18852
1643
11324
9929
12756
9360
17648
7562
15423
9606
7339
21692
28858
14877
2066
22852
18477
22764
16239
28181
30278
12600
5633
13885
31599
17687
15255
16421
4862
28372
15453
22036
20908
21910
13045
14326
2121
5437
24777
8796
16046
7565
8352
18115
23282
3214
26480
6425
18657
2098
18291
5757
13737
23353
10621
26951
13271
22866
12429
3656
23426
20099
31650
24403
15046
32202
14800
9979
10869
29445
17554
8607
23304
11279
13410
4004
11740
23852
9095
15618
11931
21671
4911
8706
16631
16825
9917
326
22175
25261
10596
9993
16747
24130
4597
11688
30170
19537
30965
27489
20927
12719
13555
27995
15159
29525
4376
9191
11230
1214
20992
9222
31811
21905
31944
8747
921
17024
5225
2626
24495
3440
16708
22768
31010
8410
5886
6685
6097
8817
27789
12464
7057
6405
31379
19353
11554
10663
13291
11285
31586
12302
3202
8493
22721
13881
8809
23680
19701
3926
32040
1091
28399
6627
22356
9862
6925
27923
9828
29113
22929
30067
21696
22126
2386
17613
25115
30305
8881
6476
24067
1205
9935
24546
28854
31616
3837
13799
26168
19082
20596
11779
28578
25426
18503
23629
3773
18002
9109
28084
24527
30084
6147
20127
13749
28709
105
9424
15410
7097
12748
8334
5255
15951
7309
26883
8260
28166
3551
10211
28253
6608
9598
30798
32384
3958
21407
15608
20134
8925
29474
8583
26345
23175
21519
19260
22421
17756
19008
31958
23937
23979
5211
12723
8352
7532
12036
29753
16595
10184
26704
29556
9473
11227
18300
7168
16490
25784
7391
14378
16952
23213
19997
23378
25431
18889
12958
7316
18055
20892
5182
25767
7856
21054
10310
21252
3957
6803
5276
32331
31755
19404
21814
5091
14412
5681
5588
6881
20487
13086
21487
24108
22683
16460
23788
16862
196
24658
31894
2029
21172
17516
28619
18442
23654
890
28533
7881
12847
25164
26557
22531
32662
28956
12155
6265
6757
8796
21488
19129
19456
16051
19639
21318
17654
23106
11257
20467
28374
12075
7905
26256
4164
340
21071
26312
30539
28520
4049
17226
7669
21791
9935
9767
32025
8896
30213
9339
373
19940
10550
21840
22268
16252
32543
20415
32369
25365
11179
21592
24885
15195
10853
9669
22366
8156
5426
21673
21512
2063
21312
718
11248
1941
13370
24960
10815
24510
19390
28468
26531
19023
8464
14446
6052
24963
1808
8161
16438
18767
12393
29143
3978
32234
21516
18131
17450
27533
30173
31093
23365
13176
10155
13215
31047
16949
22118
22230
16557
6944
30604
17387
2840
32039
10981
17882
14496
17615
9328
9202
2410
12151
29341
7990
13693
25569
29884
24324
14033
25582
5558
4340
31145
19369
7931
16387
26403
391
14267
9969
32270
15342
25689
487
28155
32755
6685
9053
26775
32104
15145
20539
7480
27670
3758
10046
4789
20039
2399
6046
21371
15496
31270
10990
8157
