5000 10000
3134 2623
4119 2570
4787 3171
3837 3369
4526 1396
1810 2026
4261 4034
4764 2782
3964 115
4362 3369
1783 1895
284 887
2323 4794
3798 2478
4222 226
1759 2371
3139 3186
4636 2473
1210 1070
226 4759
224 2384
3317 3106
659 1811
114 4507
2769 4669
1732 2402
3986 4026
2045 811
82 2766
1010 4864
3124 1219
1437 2039
955 2725
4309 3989
3410 1402
1112 1123
2215 2990
1020 3753
3787 2477
1483 1344
3430 1010
3917 2084
2880 3016
810 2594
2579 1575
392 1613
159 3602
3497 4279
110 6
3329 807
1906 2493
1399 406
483 1452
1162 4599
565 698
3070 582
2273 42
4702 3719
2747 290
1572 4987
677 2445
1463 126
4626 982
309 2500
3036 4767
2377 4614
4202 3328
630 4935
612 4211
1541 4276
2665 720
4787 2820
4532 3637
1663 1076
1546 4088
1194 2822
1375 4800
2000 1426
2266 3784
486 1725
1694 3782
2621 2954
4250 2475
2990 2047
482 4747
445 41
4903 216
115 3666
4430 4634
3399 4314
1453 1074
4485 939
4507 639
802 2306
272 856
1215 1451
3642 4259
2324 1372
2449 3622
606 4621
1878 276
4956 4381
4616 3674
478 2577
2862 682
1767 521
1628 2496
4821 3027
2736 163
998 2645
2820 630
2622 557
2041 448
4702 1266
1185 1113
4711 1617
3342 1214
3175 3409
50 1238
1939 2320
254 2093
4646 1481
4911 4721
1289 1086
1558 4540
668 323
534 4426
1707 699
2883 331
68 2039
2057 3339
1176 2539
4555 16
1465 699
4206 4868
2971 2903
397 3987
941 3139
1126 4239
4850 2122
4300 4210
4451 4612
3255 3147
3415 3541
2761 2326
3686 1712
2578 2117
1586 2972
262 2875
2743 3989
3765 2715
3917 3718
4915 1916
3348 3902
1545 424
1639 4225
4892 1117
243 4481
2269 587
1258 132
2793 191
2379 775
2778 4383
1093 3507
3573 1951
2652 1247
2389 4212
298 4166
496 4007
2818 3571
1656 4469
4665 1562
93 404
269 825
849 1192
2227 3759
3005 2583
1764 3875
1370 3889
2792 3584
2130 3140
3390 3527
191 2215
2273 1958
2196 3286
4095 4408
1164 989
1575 3310
1727 4256
3937 1468
3716 691
2419 1558
3483 2965
176 3124
4050 43
2187 2652
2475 4378
949 2655
1500 2468
4644 887
2367 4815
2412 72
3987 4186
2426 2491
2755 3058
518 3395
2037 1004
337 3442
4381 3003
3048 1491
2427 140
1656 1774
682 1800
4042 4079
4323 1995
1848 1983
4498 2931
1793 1680
2726 3378
217 2139
663 1463
1469 1053
3963 1402
1894 2633
1450 1399
2996 479
2859 525
980 4254
3958 816
2941 709
1955 4547
1271 665
4371 2402
2821 1746
1966 774
1517 4134
1308 2866
342 818
1864 742
4873 3438
1042 2290
2499 1912
3691 966
4586 12
4039 2264
3941 4619
3070 2389
1633 122
3371 2267
3801 3013
505 934
838 899
3378 1626
3944 2690
4019 769
2235 166
4572 1852
3989 615
3644 815
2071 1209
3797 2329
1595 2041
1091 3977
4597 3556
714 3071
1829 4617
3593 770
2867 2634
3394 4142
4571 4670
3460 3881
1580 3211
1826 2229
1460 3339
4493 2848
2142 1620
3935 4322
4246 2205
1426 4583
1468 3550
3449 1327
2256 2623
692 2850
861 619
706 2247
1080 3918
202 3758
2915 4044
2115 4301
4925 460
3925 3888
4213 2798
4687 1901
3495 2433
2627 2903
3189 4928
1990 49
2530 2789
3252 1557
1555 2215
268 4813
3351 3984
2407 274
3121 4146
3655 987
2659 355
1078 1417
1268 1838
2956 1384
1965 3044
3534 4448
2577 3595
4051 989
4516 574
864 1932
3558 2021
4862 4448
1751 886
754 651
1485 3844
1958 640
1723 2791
4839 265
2005 1916
175 1132
3305 751
1131 388
928 3766
2943 2405
2174 2287
1176 1367
4581 3485
106 4727
977 335
4604 4467
4704 706
369 3652
2440 2232
2776 385
4757 1752
3374 3241
2723 4728
4386 3705
337 2969
2577 1287
487 2778
4444 142
3049 1135
4447 3500
1212 4436
299 3648
1881 1684
598 847
1152 1767
1673 1849
1967 2843
186 775
378 2777
2019 3040
845 3740
4163 597
2160 4982
3980 3121
1490 3972
1397 1813
897 4987
2864 3547
1761 1507
1654 2857
2995 250
2530 2616
1784 3300
539 534
1295 698
3662 2153
435 232
44 3101
4224 2068
1240 823
375 380
3371 523
32 2950
1539 3563
4959 4910
3145 1281
4131 164
563 2464
3699 3476
498 4125
2681 2914
396 4923
2892 3837
4860 4232
1968 1363
2432 586
1513 1517
2315 3150
1872 4517
316 1522
2268 3245
3048 1457
1205 3682
204 4591
142 2569
1189 3589
1073 3545
819 4816
479 329
1619 1461
1703 4891
4676 400
2423 1857
3004 3021
3465 4502
4100 2062
4120 641
1633 4687
2428 2142
4565 4014
953 325
1574 4702
1262 1407
2212 414
2333 4958
3393 998
230 1068
380 610
2498 879
1350 1666
117 187
2545 3248
1122 4537
2542 2084
4261 4343
3742 1405
4541 4800
3443 280
1833 4477
536 3726
2229 1819
1086 17
1445 3543
2328 2215
233 2448
2793 2115
385 3012
1221 2728
219 685
3941 2423
1963 3245
2047 2555
562 1824
4190 1339
4090 426
4269 3576
3584 1089
3970 2735
4195 2355
825 2497
373 2666
3909 1673
1624 1343
2678 502
4066 382
2904 4290
1276 969
3009 74
2775 3311
1269 398
1432 3318
573 3907
2758 182
1381 1032
1657 4472
2621 462
3461 1487
3571 844
2743 1014
4222 2225
4424 467
3798 2235
1736 4866
1066 2224
1813 1716
506 4251
2747 2450
287 3785
2446 3132
2719 2132
2494 4327
3149 3631
2986 1639
1249 1636
2609 4249
1300 3139
996 3860
1591 4547
4440 912
948 158
1251 2808
556 120
181 3508
4538 160
3289 3979
753 922
1395 2743
2594 716
4844 1393
4784 2560
4412 198
1344 1370
4823 4026
4082 482
436 4780
2757 4612
4306 666
2371 38
4667 4647
4832 4569
566 2842
1081 3796
4607 3008
2586 2245
1802 637
1545 3098
4600 479
1537 2399
2657 2203
4673 4104
2867 4605
1887 3673
1065 2146
271 4237
936 408
2960 4204
1430 385
4368 4184
3867 4803
1207 2170
1805 1499
2266 4768
646 3099
4977 4594
353 1250
1827 2677
2598 4915
2408 3855
4025 2953
1408 1684
4202 33
3858 841
976 3352
4647 3183
1935 2503
752 1258
4668 4420
3285 4523
3278 3531
1207 3674
3944 4028
1840 4432
4284 4935
2074 716
3090 1029
3534 3388
3473 4689
2214 4143
1173 3496
3780 4465
2594 2948
501 3166
2616 1455
3232 1354
2015 1406
59 481
4101 1715
2144 4642
838 3048
1156 1009
3339 3705
4465 790
3782 241
4164 3896
3629 1415
929 2133
1189 3835
3413 1670
2512 1364
4109 223
170 3284
3973 3205
3369 3798
4164 4547
4499 102
838 534
1189 546
4849 2368
3417 1712
2828 1698
4591 3256
3621 1797
3551 3627
1666 2898
1397 60
3515 4824
1542 2653
3446 695
2235 309
3762 1891
228 3338
4288 2979
3231 4970
934 338
4993 1054
2238 342
1019 2936
4984 3335
1537 3876
4419 866
951 3461
3577 3127
956 2698
4884 3615
292 2361
1331 3154
1777 4690
3890 456
4002 3168
1801 2350
3310 2147
1179 2203
3443 3225
3209 4828
3026 4134
2280 4709
4725 3034
2561 4066
2564 762
1144 3285
76 3841
95 3551
1153 3561
708 3588
1605 4644
4360 1394
3034 1336
2113 2011
332 1898
4322 3628
2459 3114
4537 381
3680 1320
3794 3081
2701 1653
2602 1144
994 4718
1647 2036
1925 204
558 1960
2089 2215
3892 3128
1547 1356
25 2380
2033 3348
2178 823
4227 1455
230 2256
3951 1409
1204 1582
4800 3804
11 3217
2094 2734
2641 4599
3148 109
2936 4740
3910 4240
206 4710
4489 1871
276 3280
4599 4206
4001 3468
4819 1190
2616 4831
3547 1932
3783 247
548 3110
1641 3416
4833 3947
2567 4896
2671 3459
4322 3448
2395 159
1476 2572
4597 2778
744 4797
4889 4952
2079 661
3443 2349
861 1649
115 2602
3891 3494
2657 163
2750 773
3075 493
4279 1393
4365 4062
4877 4724
280 4421
1480 1884
2326 2060
3527 2675
3237 1610
3764 2464
3634 1358
1654 216
1480 3673
3952 4473
1561 4716
3968 1672
3091 2282
163 753
3127 3191
4511 863
4942 321
4057 1013
1389 1237
1631 1708
4084 749
2545 4910
3881 3801
364 4850
2873 948
1990 73
322 680
1217 3153
258 308
3738 1679
4340 1277
4049 978
1701 1699
878 366
2594 4918
2818 2343
4277 2248
4204 534
4767 2724
1037 4456
863 1304
3326 917
1420 4431
4096 4071
128 1106
1356 3308
485 3984
1836 2069
2213 2940
1985 4088
3932 2942
1295 2915
840 4300
2894 3914
4597 337
3011 1898
2730 1631
4414 4671
1664 1506
1421 1171
3428 1221
1664 1816
1226 65
2126 1256
540 1738
4713 2291
492 2077
2718 1345
4903 2871
64 56
466 3544
996 3552
2625 2664
1775 4429
1653 4368
3455 1317
2222 4348
2216 4347
1090 1807
3393 3547
1461 1336
1998 1591
617 483
2495 2905
2767 2779
2760 473
3263 1175
4994 4754
4341 2915
4762 328
1941 2945
4680 1493
4287 3655
2323 4549
4558 4586
3860 3533
550 1051
144 107
3140 1553
1945 1290
379 1616
1399 949
2132 1224
915 2655
1845 4745
1093 2936
173 3021
1559 3803
3735 3390
2433 4805
2669 4011
2662 928
4631 2981
2215 1929
3453 2302
4374 4782
1089 3052
3694 468
4472 3611
3889 1760
978 521
250 397
4487 1149
2004 2702
3157 3882
3058 4004
2488 2617
921 562
4098 301
715 415
203 2747
2302 1243
2889 3001
2956 54
1475 718
1027 4997
2755 3691
1152 3519
4043 2504
375 2767
946 466
3079 2002
4335 4332
1204 156
2284 3964
2140 2662
3062 991
2463 4730
3412 4527
3096 1698
3127 4091
3121 2110
65 3248
1710 149
1793 1959
2481 1462
3973 2327
3670 159
4553 548
831 4782
2167 1000
1355 3965
3263 906
2506 1115
2698 164
3092 3361
4897 2201
715 731
436 1495
974 4104
3944 3545
1648 835
983 3656
1608 1339
510 4586
266 1863
1363 3987
1590 1662
4758 2756
367 3622
962 1298
2519 2276
1052 2681
2497 1379
1571 1280
823 704
2728 3758
2117 3590
4824 261
1501 4373
1135 1693
4725 1713
2128 1045
3374 1823
290 3198
2126 3899
4757 2088
1017 4408
1878 3394
2443 1392
3583 995
969 4005
1402 3254
4576 2014
1823 2958
3558 2366
844 3510
3640 2530
1893 4140
2836 1490
3628 4655
848 409
3578 543
1594 2232
1455 828
3209 3760
3455 649
3956 4567
2014 4618
4466 1285
2412 876
817 4390
2308 4676
659 1563
4962 2482
1702 1973
2332 2639
1579 4505
1562 2446
2322 4187
3816 1167
1131 3828
44 4721
2392 1685
2099 2361
1441 3929
3897 4222
1384 1021
1992 3455
342 2252
3048 4127
3998 553
2216 2895
817 427
253 1357
1873 216
2857 828
2298 4827
685 4308
2789 3392
754 691
3303 2595
1523 3212
1729 4339
687 2807
2002 4852
3039 441
2114 3781
123 862
3736 4231
298 2452
3983 1768
193 4314
4244 2343
1283 513
651 1456
330 745
906 50
2413 1911
1158 4624
3602 2621
1933 2509
926 570
4044 3643
3915 2836
266 397
825 916
756 1259
1233 1361
954 1542
3453 1056
3154 4149
4204 50
484 1952
3861 4925
1270 4195
809 2480
4577 3485
110 4202
2307 4697
2481 3114
1782 2988
1763 780
4360 377
4640 1402
3397 3785
2380 3129
2002 1247
4007 1366
3020 771
35 4641
2569 3573
2867 1128
4124 1165
4166 2639
1095 4168
732 151
3339 3422
1520 3316
4796 1241
639 3028
3987 2248
4496 3309
2268 3493
700 1614
945 172
280 2288
2318 318
1360 4238
3984 4053
3543 4427
3591 1320
4605 4331
2515 3769
2607 1413
2662 1317
4405 3991
4358 2459
4800 947
1854 3137
195 1872
1445 99
275 4644
3919 190
1130 2177
4011 2468
1096 4189
4117 1921
1059 2431
2797 3454
4945 734
1392 195
979 1740
2588 602
1237 403
962 3929
2731 2919
4847 1688
4182 1260
835 452
3574 4473
3279 2924
4322 4862
360 4402
311 1994
4657 4252
862 2487
4480 2812
3121 3418
975 212
3622 3190
3694 2822
1804 2456
1231 2891
2494 1
4898 2642
1119 3119
75 1515
3125 2693
1768 2541
1904 884
2783 829
2325 1729
1560 1768
4614 2561
3798 2714
1948 2523
1452 1576
4168 2885
2125 4547
3653 2578
3005 3726
3907 1498
1366 3922
4816 3938
3925 2776
2567 501
543 2967
3710 1291
4558 1702
266 2938
1249 1348
310 3234
698 2382
3132 765
3273 385
203 3479
4346 481
1410 4922
3874 2017
812 1469
248 3588
1660 3102
3289 35
1266 1781
3236 456
1447 4707
3808 10
749 2932
4034 3938
2499 4585
2403 3717
400 2200
4786 115
1357 1167
766 1720
1008 3167
1983 1657
2958 638
589 2057
4185 424
721 676
2242 2191
2331 2716
4945 3072
4123 1978
2091 2527
3156 2975
3299 390
1949 4644
4732 4938
3890 4607
1101 2991
443 702
2334 4757
3460 1409
2994 4451
204 443
534 2707
2426 833
1449 2350
1461 4903
3292 4169
1154 4479
1972 4168
1828 3747
4078 2330
2614 1837
266 445
2541 413
3915 1268
4900 2819
3934 4406
2711 4341
761 4433
3917 851
3990 1078
1608 3689
743 4319
4006 1901
292 734
3245 1913
195 4136
2218 2995
4552 3346
1323 1444
2854 3442
3822 3902
2348 1914
4865 3457
2851 776
844 4376
935 4577
4028 1975
2340 1944
3001 4032
75 601
625 4598
4373 843
4966 1713
4111 53
3830 1492
4790 944
3891 4627
3757 4141
3354 385
4989 3769
3159 3137
2525 1478
4945 3211
2002 172
3641 4785
2776 360
3457 994
4993 2099
4571 47
4806 2238
1007 4221
4692 364
2985 2850
552 3266
3234 3683
1919 1210
1102 3981
4711 2030
3951 4043
210 1827
3416 424
28 3843
1828 4029
394 2248
3959 2405
4373 4886
1093 4262
3016 3528
2666 1547
3070 846
2393 3416
4408 1221
3058 3342
4782 3184
4006 2624
163 4429
724 2869
4798 1499
889 902
470 2563
275 10
189 3524
1231 1057
4009 3116
1476 510
2983 3451
1016 3384
3712 2690
4393 1074
201 3508
4830 842
4390 1891
1487 855
767 3783
4162 2551
1141 3475
2112 3047
4806 4224
2559 1708
175 4806
2177 186
4906 960
2653 1123
4881 3663
2460 3850
3073 4882
47 4857
906 2821
2536 3775
3486 4999
230 3110
4352 112
44 2980
2647 1907
116 360
2811 136
3440 1680
3096 1029
1457 673
1753 814
3292 3998
2910 4731
3346 4028
3752 521
454 3374
380 4460
509 3756
303 4531
1097 4697
545 964
1238 2661
1469 3641
1457 2376
1448 699
3877 345
1424 1583
2135 3430
3863 486
1245 4220
760 2457
507 1514
1817 324
2550 1633
2985 715
3741 438
4972 707
1629 4691
4493 4018
3867 3082
3499 3713
4727 1116
2015 1496
3455 1946
2493 3963
3097 570
3017 788
4942 2411
2804 1298
2899 388
4647 2344
666 4794
4807 4384
4825 2337
3481 3586
1992 4726
192 3199
1657 1538
4901 1851
931 4465
2231 4219
3855 4180
403 1835
4687 939
2453 3859
4771 175
1328 4491
4311 2479
3570 2396
1658 4689
1060 433
1903 588
2648 62
2377 595
788 2567
4691 492
2222 4157
1302 4890
3824 1613
2654 1552
590 3337
3679 1576
93 1923
259 3859
4958 2382
1864 105
1412 1271
3352 1299
1091 749
201 3775
329 493
1846 2955
2409 4457
517 4046
1901 3066
3203 3828
3908 67
733 2752
3493 1872
1080 3351
1771 831
1939 146
3673 2509
3075 380
920 20
4039 3605
3510 4940
958 1598
3985 4112
3254 3958
357 3298
446 2461
978 3233
4878 63
641 2962
1861 1563
4752 4237
2283 1180
4077 4714
1489 1471
2175 3716
637 3046
803 4380
2034 4053
4478 3193
256 1747
398 1878
1640 2268
542 4796
122 836
1673 2978
298 918
3750 2946
2824 2238
4341 3151
992 564
4538 2684
4034 4330
4239 1446
4298 839
3823 1780
3938 4429
2024 4765
1559 952
984 27
3842 1673
4980 2703
2143 3962
1557 78
4627 2162
2212 546
3201 1538
2862 3852
1638 657
4107 4000
1190 1526
2132 1033
710 4364
724 2616
3660 3035
865 279
1244 3444
2747 1546
1292 3893
68 2600
1050 2990
3687 485
1181 2859
1110 2460
4225 2267
1183 3533
3134 4640
1391 425
1419 3808
778 3549
2848 3691
81 1910
369 2454
4877 842
3626 728
1355 4720
3823 3267
4097 1784
4442 3645
3416 2061
2099 4831
3338 3994
4235 2758
3221 2739
905 4824
257 4310
1545 985
2007 2362
1554 1511
1139 1623
2007 139
2131 4494
4736 809
4256 185
18 2601
1324 1214
3932 1063
3396 3497
43 4111
4425 768
2912 3214
490 1339
2553 2029
1356 2387
4038 463
3484 4617
212 2381
1516 522
1183 3864
468 594
315 1319
1019 2328
1228 4641
743 4849
863 1517
1441 3919
1249 2976
1060 770
1190 2359
247 1047
4356 2357
961 4713
4537 1136
3269 4717
619 2719
3902 4843
263 1510
3325 3354
555 750
3552 2786
3448 678
349 1608
2018 151
880 669
1994 2630
3209 4648
4646 1747
337 3726
2191 4130
791 4535
1099 4167
2910 4458
1236 4472
3705 2788
1849 541
2722 1205
996 2419
2406 1563
2460 3978
1581 1027
3179 2548
4945 1645
2107 4151
4942 3168
2364 4748
2657 2974
4049 2664
171 2897
3828 4923
568 2974
2879 2208
3474 1465
3157 4916
204 2593
415 739
820 3229
4947 3543
1496 2735
4539 2130
3589 944
3466 3726
1548 1884
420 3010
3854 543
2310 1632
889 729
1475 2141
1523 1318
2097 2001
4278 4049
484 2680
581 1658
1177 560
4614 1925
341 3676
1656 189
2583 2455
319 3120
4532 2669
918 4709
706 4559
2893 2252
1071 470
3603 3213
362 1554
341 827
3937 3018
2799 1554
2733 1967
154 1535
747 4356
2775 2663
3789 1377
2003 4619
3537 1145
4884 1866
3952 2712
3371 1519
161 4361
242 4293
782 4878
440 3368
1576 4241
1507 1158
4695 3483
1381 4965
4284 4636
1601 359
371 4354
968 4860
2419 1141
1455 950
2272 754
2060 283
1147 1950
225 3094
2103 3398
4568 959
4799 341
2920 2332
3591 950
1734 624
617 2554
1047 4428
4833 2603
2293 635
1762 2402
1200 58
1266 3471
2800 1911
419 4575
3896 3384
2820 354
4588 2896
3376 3509
3119 1639
165 326
1526 2999
2240 3815
585 182
590 4692
163 4280
2214 2872
4639 4212
4054 229
2374 2011
3275 3378
4318 324
2341 4642
4773 4556
1602 2979
3671 3100
4377 2692
708 4891
1178 1699
2942 397
1348 2077
1169 1444
23 1999
1619 3134
2436 3821
2206 40
2306 2705
1116 3234
4826 278
4035 1858
2140 3413
1633 1597
2635 1480
4409 4643
1127 2149
4102 4242
1722 3566
1544 1086
1502 3502
245 3472
2428 1086
3361 996
1240 1170
2169 4432
3115 861
4229 4034
3256 4284
3388 2777
564 242
4628 1143
312 919
3842 580
2776 3086
463 2710
4097 2071
1876 3265
2031 2290
3775 426
3332 1126
1382 2096
2032 3417
779 3628
3277 1032
3577 3144
770 417
3543 4359
2555 4191
730 740
327 2454
1207 4133
2554 3360
1665 3017
155 2279
2096 2183
208 356
4219 1865
2849 1784
4823 3729
1131 2297
2328 1667
1774 798
199 2036
1745 190
1053 4673
3869 3070
1696 3714
4447 2298
3019 2928
1001 1023
538 3437
1323 1990
1095 4075
1054 4923
2134 2968
810 1526
1864 4241
1849 2529
3822 2997
675 876
3196 4795
4883 4222
561 357
2954 317
907 4591
4146 4144
4800 1899
1197 4586
4522 455
4120 2449
2595 1058
4674 3136
4362 1458
713 2410
2740 1610
1128 1409
494 2682
1297 318
2234 4583
1849 2049
3017 1525
1684 4082
1912 1362
487 441
4733 196
429 3564
1796 486
2379 2511
789 2535
72 4057
3224 555
1559 1220
76 2375
2488 349
2396 1383
2206 4165
1364 2482
1625 1167
4082 2856
2143 3355
3520 3883
350 2586
4433 2052
1950 1539
1442 1919
4773 4510
1187 289
2722 4015
3398 1537
4814 1732
3063 4597
3464 4306
3452 2607
2264 3078
3160 1800
1950 1400
930 4562
1236 1724
379 404
4241 4148
3800 3218
4951 2624
4413 116
432 1696
1867 296
1084 3699
1426 1378
662 3849
2811 3434
4505 918
1167 847
4060 3079
3036 2211
1349 2
1378 2431
2941 4161
2440 4737
1656 2912
861 2114
3873 2672
1220 3477
3323 1138
1550 4421
1138 2903
1758 2270
2307 2072
4234 4271
2690 1706
1934 3198
1475 2636
1581 3868
4571 748
4658 3939
151 4470
3131 3909
2829 4086
4912 63
2770 753
2675 1966
2827 3623
872 2272
544 116
3662 1351
2118 1023
743 1353
3308 1658
2549 995
713 3507
2077 216
452 2050
1232 1972
1611 4588
2959 966
2112 2671
3680 565
1497 824
4519 1298
535 442
398 4679
2762 1815
1375 206
530 1987
481 2869
4089 775
1810 424
1255 4988
4276 552
3438 1560
3635 1259
1023 1606
3085 83
1284 1897
323 2435
3352 1865
24 160
100 834
3463 4676
1036 3128
3986 161
2481 2928
1992 2276
4936 2739
4318 2208
1051 1124
1770 1244
86 2388
1819 927
1388 4667
1933 1860
1515 2250
1068 2009
4678 3567
3735 1612
1402 3009
1311 3015
3739 3541
4552 2019
3623 2648
823 2276
3331 3670
2684 4852
2405 2738
3218 4586
3305 1230
1789 3748
1224 118
627 4986
407 4776
1638 325
2956 1374
345 3728
1309 464
1905 1222
1428 4411
2358 4940
4222 559
4954 1240
4764 2728
4721 2555
2436 4650
586 1435
3432 1874
4277 4395
1262 2419
2645 1519
2938 855
1384 4067
2009 4743
3028 2219
607 2844
436 2161
4964 4118
1484 3194
3163 4781
4481 178
4243 2263
2812 2417
537 2977
1697 4389
4589 1497
1555 1130
3876 1435
2131 4648
2182 4467
2920 973
3169 115
673 1978
702 3717
665 3729
50 4211
4754 575
1487 140
3445 4423
1388 2842
2208 4128
2259 210
3121 951
906 1524
2162 3864
4308 3692
2070 3137
2568 1815
3860 207
1642 1922
1913 2254
4857 1448
202 2947
3065 2554
1251 3804
4049 2164
305 1082
2280 1030
1423 773
2220 808
3999 3953
3163 209
4758 4065
2013 4818
429 977
290 3342
670 103
3464 1509
2900 2037
2935 3585
1558 1608
801 64
2893 3805
492 2396
1028 1781
1922 2400
1495 4934
1891 1084
1823 500
89 4418
3222 4495
3052 785
1165 1615
967 2834
1790 365
659 2745
2415 3580
3138 246
3212 3624
2799 2021
296 2086
3332 4531
4221 2364
3700 1579
4058 2186
3434 3800
1948 3745
866 1331
889 1443
1678 678
1529 2068
3091 1586
2893 4623
4006 2070
2981 2947
2937 818
3612 4496
1219 19
3079 117
166 1231
4350 4188
1834 195
2034 24
266 259
584 2245
3590 3187
2572 753
993 395
1393 1569
564 1712
256 4727
778 3968
3616 979
101 4566
4685 3144
2393 3312
540 2873
4288 1493
4701 171
3390 4890
322 3604
4445 3623
1624 2180
4652 4894
4035 3715
1955 1003
3270 2459
2955 3162
1739 968
3179 1765
4760 4173
390 4830
2563 4929
2315 3468
2424 4874
205 3513
664 4264
3437 371
3956 4349
2188 3377
730 4516
3237 1897
2663 184
2 3287
438 3054
2870 4256
1432 4245
1459 4296
308 44
581 1481
1241 4830
1279 3150
426 4898
3436 4167
553 805
625 2341
2415 3820
4217 928
3178 3556
2520 1270
425 2221
804 871
3004 2711
2969 1191
759 2067
733 1012
2904 1813
4476 2329
2215 873
2068 3098
1502 1707
3746 2017
1049 1707
1151 2521
272 473
3406 8
1202 1454
2295 26
4117 4467
1193 2035
851 1773
3635 429
3270 2610
1028 1084
2432 1717
1171 1446
2068 4456
1473 4143
2385 2418
1743 3451
3504 2679
4458 3365
532 128
2942 3024
122 490
4161 3780
1849 1867
1599 452
3371 1154
2231 413
732 4423
731 2001
2155 3067
1021 1957
4895 2120
681 1152
2075 4156
2006 2245
2733 1779
3721 2986
3244 1763
3811 418
3272 1980
1689 1920
1110 319
2749 590
28 2373
3787 1516
3538 3796
207 4668
1378 3910
4101 2638
3129 1042
744 3520
2078 175
359 3688
346 350
4374 4141
665 3672
4113 3026
1800 128
2310 2317
2023 882
3755 791
938 1747
2981 2988
122 579
2355 2278
681 1177
970 2797
4934 2709
34 1794
701 4396
681 4180
59 431
1599 2619
929 613
3474 3874
4982 491
1571 1282
946 2569
56 1365
976 4079
11 2864
620 1783
2507 2189
926 2004
1905 784
989 4820
4862 736
4583 3210
555 1360
855 119
1633 1207
4353 2602
4619 2333
2563 221
512 3519
4276 3290
317 4004
4545 2862
1315 2544
2397 4309
1580 2561
297 3086
716 4977
84 1584
1606 572
3581 2533
548 67
447 1614
1195 2335
4428 1440
4030 1369
4149 1789
1273 426
2625 2189
1185 1214
1556 1103
3347 3079
4049 1739
1035 111
3436 2594
4590 1694
1281 2824
4041 1637
3529 552
4883 337
4822 1808
2584 3340
2980 79
4560 2513
1275 1389
3207 1519
562 258
4014 1712
3383 1633
2515 2546
3068 2974
796 749
236 1502
1002 4142
958 2134
2411 1043
4432 4687
2056 2128
1945 2824
3840 2466
4944 2629
2372 1050
368 4342
1302 2421
4072 3635
4148 2961
134 3086
1265 4418
205 1857
1453 4542
47 4315
259 3205
4124 1749
84 861
1010 2153
4227 909
2095 853
3200 601
718 620
4913 2589
1535 2454
526 774
114 3522
179 1197
1748 3793
2716 2997
4667 3132
4124 1231
3863 2976
446 2475
98 1585
47 282
1993 4853
3580 770
4611 2747
3768 3114
3058 580
1841 4135
1207 1264
1476 3006
3371 4452
4941 1706
2483 4859
3380 1880
3795 1130
1980 873
1223 4336
2078 913
4614 1198
3694 2590
1072 1843
468 1618
1105 4348
3349 4932
3710 3530
1075 1348
1520 4828
4418 3838
1111 463
1620 4801
3704 50
4128 929
4658 3319
3079 1017
4037 4767
4863 3597
148 3189
4595 2542
549 102
906 3791
103 3391
807 2849
3443 1456
1962 4066
798 2304
4421 1994
3013 1889
1393 1785
3930 605
2257 627
2287 985
703 598
680 3992
4951 2678
3134 267
433 607
4961 1920
1722 2019
2637 1417
3989 795
1208 2439
3805 2811
1323 1574
1647 3554
1360 194
270 431
3259 1354
967 1371
1995 1156
4550 3938
779 2810
1216 4011
3348 3812
2387 187
1166 102
3051 3940
1334 4851
478 2260
2338 113
58 619
4755 3015
4757 4005
3258 2924
2165 2426
2214 746
90 1658
2277 4012
2609 3604
4121 1227
1746 4872
1805 3447
3460 1612
3960 452
431 2165
2705 1827
2930 1102
3484 4690
4806 3973
459 519
2483 1780
3249 1289
2481 221
1595 695
1794 490
1624 3254
1263 2644
3666 1236
664 1730
4589 4850
31 541
3176 1042
1095 1321
2938 2774
1489 1383
3215 2809
1863 3952
267 4937
157 4668
1806 765
4325 2277
4528 907
3850 3493
1575 2726
2943 2647
286 46
3168 1685
2448 936
1521 4638
4534 3976
1790 1866
4518 4012
1387 1664
1693 4075
1925 2391
3925 2133
280 2540
4226 1597
1635 4229
4457 4324
3641 4755
4139 3272
2409 3317
3857 2997
3472 3146
2408 2474
2445 4479
4767 1119
4430 2443
4742 2478
1345 3670
3609 4328
1413 4129
3669 729
2658 2314
1419 4679
3934 1646
4723 382
2306 509
4842 3720
2348 4912
2791 1067
1638 4558
4002 4971
503 4248
423 1386
3961 601
3386 4117
3467 858
4066 4569
247 4797
667 749
1134 1184
4942 2466
3323 3452
788 681
3078 4503
2404 555
1770 3631
1905 1415
4184 4312
231 1199
1229 3703
959 4884
1090 3048
2649 2380
1410 1613
1121 577
2082 4968
421 4235
1212 4692
1718 2536
1724 758
3990 2595
1687 2809
561 147
2344 3603
1687 2014
1589 3082
3672 2254
1226 2523
441 4282
4068 588
806 4976
1984 568
1112 634
4869 2427
2297 718
3879 719
4086 1842
4454 3326
1701 3640
759 1824
1638 2550
465 4496
3511 1234
4186 4306
1722 3396
1427 4128
2922 3076
1114 2590
1918 765
2942 1674
1829 4434
4040 160
4715 4345
120 1532
2227 2677
4733 2417
1885 4528
1961 2754
2633 1304
2581 2695
1797 4233
2609 4762
4772 2852
3110 1611
4840 2894
2759 337
2025 2276
3997 1897
1694 3078
179 1132
915 4122
2938 860
3556 3826
4398 3855
4537 3560
152 3488
1994 465
948 138
3837 1752
1678 1406
2365 2749
3633 4207
4774 2309
1144 4716
4631 2947
2041 1486
1182 2079
1878 3066
3266 2719
2542 617
1197 1875
172 1222
1896 997
4534 3024
540 1608
3352 561
238 217
4090 1430
1067 4212
2936 1136
1389 3552
1168 1537
1620 37
3657 1451
3656 3708
914 3742
3693 3432
4817 1401
416 3892
4597 4075
1106 1493
270 3626
3531 4346
3571 2500
2073 2673
2428 2412
3088 3651
634 2583
460 1491
4908 471
3925 3459
2715 4055
2746 959
3023 1033
4186 3606
4891 765
3006 2095
2399 3890
2267 4416
1805 802
3599 1229
3278 1305
177 4470
1566 2110
574 481
3933 14
3762 2795
359 2500
1484 3265
399 1397
1397 4828
2847 1756
2281 1340
4771 1145
1335 1100
1663 4840
3326 1190
4205 4311
3056 3624
468 1119
4476 4896
3029 4239
3878 2236
480 4605
442 1933
1543 4207
2961 3637
113 1993
683 1542
3554 1151
38 1997
768 2702
4645 2183
1761 2198
1453 1194
4131 4570
2084 399
1165 1043
1546 1999
1156 3786
2565 1860
4960 981
4119 3577
2553 2612
1299 4484
4444 1172
2544 4403
426 3131
2285 2141
3634 1165
582 883
261 4239
3494 966
1835 2058
1758 3690
4685 4114
4900 1788
4219 3672
3367 4584
2479 1564
698 799
1505 2743
743 2542
3924 4456
1150 1778
2040 2221
2222 4395
3009 2021
675 3350
1905 3188
3833 1384
346 1478
208 4935
3486 1271
224 1827
4187 2459
1247 4430
1633 601
3081 4799
997 661
3551 653
4795 4575
3635 2058
4047 470
2466 918
1069 3536
4811 3310
1099 1886
2584 1132
4227 1508
235 1329
653 3487
3795 4865
2324 986
3494 2022
3367 3082
1441 1103
2547 3937
877 1665
960 1184
652 2046
1321 3712
3294 4630
1888 4234
1301 756
1273 309
2199 4347
4605 729
1061 4368
1138 1642
2479 1449
1433 2639
3643 3774
2081 4755
1030 167
3314 1956
1657 3423
788 1362
3903 2967
1337 4770
807 1958
56 644
3709 1832
2451 385
2638 1820
3467 4049
3252 18
4811 908
4158 4860
1939 2983
2195 4213
2126 2394
3776 48
430 1799
1753 2338
2822 397
4653 4506
1071 4215
3381 592
2047 3239
1061 3340
304 3422
1124 2128
101 1816
4393 1633
4570 3307
735 4609
2628 2225
482 2465
3503 2375
1282 3686
3399 2069
3799 409
4880 926
3086 3203
1002 3498
2971 3896
471 1483
1359 3036
351 2180
2629 4139
4183 1921
1799 1861
1501 4602
4886 2298
4399 4178
4650 419
4340 4160
4383 522
410 2723
1256 3098
602 4419
184 4001
3394 1454
3551 3228
2825 632
4553 3508
1656 3215
1566 3401
2407 3958
1973 3948
2038 2031
578 2337
1133 3399
1642 709
2189 2517
1813 3940
4121 2682
1923 1942
3559 1992
545 122
3468 1996
1030 1412
2399 3622
2234 3587
3228 915
2439 126
4244 2264
1042 3937
1250 3865
3763 3450
2041 4723
2466 785
1277 2319
1517 2623
3288 1560
680 3062
206 144
4260 65
2418 3309
1491 941
522 2914
3315 4625
1137 2171
4041 4410
3076 4760
3032 1234
159 2494
1418 1154
472 2482
237 957
3267 4592
4386 551
720 1835
2154 2765
3323 3414
1354 3679
67 282
4577 1244
2901 3321
1368 4340
1977 938
2449 2628
4029 486
1194 3958
392 1907
3996 167
1482 4254
2047 3021
3067 4486
1729 584
1785 1575
4327 4711
2389 1237
2538 4863
3624 3249
302 1776
306 4072
3583 3977
2276 1554
2581 573
103 2217
578 4021
2052 2987
608 3368
2821 2329
2944 2904
2308 4169
3937 3879
1162 3577
1990 1442
4154 3765
4684 1693
1328 1490
946 471
820 3364
1849 1535
3956 693
174 135
3625 3663
3037 3649
4776 2484
2096 191
531 1844
273 4646
345 223
1292 1950
1476 2107
1609 459
825 2336
4225 2312
3950 4010
1830 4309
1679 1431
920 1134
3217 3962
557 79
2402 2191
1193 2916
3856 1216
1142 1245
4274 1983
2285 3434
2636 324
1430 4675
3263 4178
4445 780
1016 3629
3613 3823
1056 3647
2289 2954
3444 1996
3185 1338
621 1042
1346 3168
3586 2636
913 995
2573 2017
3145 1254
3052 4200
1059 2332
1785 1935
2805 465
4204 3325
4846 859
247 2213
1161 377
1986 684
4192 2498
1872 1516
3843 274
1089 194
2209 1984
778 1372
4455 3547
2666 4951
3431 3350
2055 112
2914 3737
1296 170
896 1971
4932 3816
2359 429
1587 1147
643 3864
4506 1214
1845 2410
29 2248
1447 3157
1409 2913
1975 4528
2560 833
4202 114
648 1637
787 1812
678 3276
3692 2334
1703 3569
4812 3981
1127 3241
2857 2131
3861 2320
3688 3296
207 3127
531 920
1202 2929
3338 3957
3877 4373
589 4167
1662 3486
1545 912
3029 2722
649 4052
4672 3400
2623 2449
4550 1094
2715 924
1720 4906
2347 4965
4253 1431
692 1379
2805 2289
3584 2675
3360 765
1368 3981
4568 1059
3252 1111
2396 93
3512 1694
3863 3125
4001 562
864 2034
2049 794
1315 1931
2671 2224
2096 3959
883 2030
4154 4756
160 3761
2819 2239
267 2188
1358 2107
843 2488
2893 2941
1745 3987
1284 448
2866 3591
214 3196
2018 4757
630 941
4683 961
2569 1785
1615 2832
4098 1441
155 4679
4661 2531
2572 1653
1008 4504
1662 1204
4231 322
1371 1588
392 4888
2241 2353
2270 4381
2575 2221
1329 4598
816 2609
1262 1947
1657 137
2931 1343
2528 133
1894 1347
4598 1095
2870 704
463 4498
1722 564
1670 4311
3857 4391
2558 974
74 198
3623 2291
4293 687
3142 4679
4904 758
800 2761
703 279
1952 1444
4822 2126
1447 3
4353 1588
3867 4618
2974 2426
180 2206
3569 3715
1658 2432
2264 3452
2163 998
4616 2648
2836 4691
288 3266
4861 3681
1140 2489
1666 2171
4885 2579
944 3719
3239 2083
909 2124
1731 1709
3762 1713
2862 1045
4253 4174
2010 3458
2914 4071
1611 736
4555 4014
4805 486
680 568
4956 4565
3392 4723
3051 3619
2472 53
4833 3311
795 4193
1265 2949
2003 1198
4826 3612
2998 3033
4150 1031
2157 860
3270 865
1522 4559
3678 2708
3888 254
4309 451
183 2051
4192 3198
1439 973
888 3206
4605 4704
3753 4418
3276 1495
2923 4842
2422 848
286 722
4428 3719
2338 2993
2674 1014
2197 1186
605 4268
2809 4210
273 2651
477 2468
2047 910
4602 4825
3060 1922
3129 356
1984 4292
1443 2205
3925 2771
3153 820
286 1392
237 3809
1050 4148
1785 913
745 3296
3815 2796
1534 1099
4136 1852
3446 687
625 1880
2056 1885
2234 2043
1317 2043
4513 1598
1850 35
2783 1117
1315 4549
3145 3513
4867 3040
3394 3921
3009 493
1598 2743
2013 4748
3538 512
4652 3595
1123 2667
2128 3947
1205 3958
4955 3598
2085 733
2413 3879
2576 2373
124 3560
380 729
1980 2314
1344 442
1592 400
184 1244
1095 4261
4348 3574
4634 1543
1410 2834
2917 3004
3008 2086
371 4196
4486 2978
4239 4391
996 1851
3113 721
1552 1432
4886 4906
555 2211
4476 27
4508 74
3875 1382
2828 439
3919 2213
3780 3684
2542 2262
1748 1683
3293 2078
4566 1821
3360 4435
2107 1089
2169 2486
4412 1719
3489 1529
3243 4702
669 2773
2026 1131
2322 2864
3612 4243
1292 1373
2515 1106
460 2707
3290 1205
3776 1875
3316 333
2679 2956
37 4821
2973 2241
1464 574
2332 3974
2224 4889
204 4503
1106 1965
3044 2074
859 1857
2097 21
574 1644
1302 4707
2401 611
1829 2379
4785 1708
2509 4441
50 2056
2229 3601
1659 3797
3367 114
3682 717
4137 240
4868 1945
2824 1852
2096 3891
4397 1087
2901 4194
4341 332
3912 1367
1788 4846
627 2560
3337 3923
1938 2
432 1039
399 2844
956 59
1097 2170
1779 4704
113 3327
2551 2191
2685 223
49 1658
3120 4468
721 1040
2721 1439
3475 2461
2787 785
2524 4744
3861 675
798 4258
2835 4291
1329 2771
1317 4663
1234 4007
2855 1255
3824 2553
3585 1166
2468 3519
4607 2137
65 3294
4323 1996
509 2567
4121 473
2070 3562
1812 1522
3640 4890
31 4297
3126 522
719 654
4400 4494
1095 457
4580 1253
3052 1840
559 381
4418 3155
29 4639
2046 3478
2528 4436
2238 295
1382 2577
4613 1496
4222 959
36 4679
2396 1127
2349 3565
891 3900
3745 3548
2930 4912
478 3333
1482 116
3825 1896
2287 394
354 60
2429 4805
3424 1274
2276 4532
3922 1589
4367 2954
112 4605
2058 178
1017 3325
1883 4657
4470 2729
1627 164
319 468
1724 292
3316 2321
4308 2495
2703 2424
4667 1801
3184 91
3978 1019
4225 3225
4692 522
3972 2827
745 4347
4897 830
2345 1126
1148 1392
1366 2488
4327 4038
2725 406
364 4045
4279 4582
1453 2216
3650 1016
4007 778
2581 3638
3380 2100
3533 3008
2312 4289
657 1386
2767 4015
4964 1826
3109 4209
3644 141
926 4643
791 4649
3351 3502
2254 2448
1796 2589
3652 1667
2060 1951
3824 69
1537 2646
1320 3914
1741 2982
4705 4056
3466 4018
3989 509
3360 1508
3973 225
2532 3315
4407 1373
2646 2778
697 4660
1220 3199
1663 969
2726 649
3617 3537
4450 3030
672 4210
1385 787
4906 1197
1433 3477
1924 1784
2428 1504
3664 4854
3233 358
1392 3091
602 4082
1713 4795
3350 2438
699 2530
3375 730
280 578
3470 2925
4067 1256
4053 2472
683 4959
3406 3769
2832 3258
1755 1998
4742 2220
3878 2044
47 2546
3249 1438
4814 275
1872 4665
2569 4119
54 1704
4006 3270
13 739
3938 4338
4002 157
4405 2504
24 542
1266 1163
4764 3678
3334 1058
4217 3916
775 1106
837 62
1383 4606
2771 3514
2336 967
3563 2668
2395 4775
1095 1384
4276 2978
239 546
2008 375
4223 2644
33 4195
4095 4584
3513 648
3531 2487
3390 372
596 1986
3517 3532
3704 3583
3858 234
613 3373
4918 3260
1564 739
98 320
451 1535
139 4589
4003 427
1270 2979
1068 2876
3454 4118
4469 3541
4804 3335
672 1593
1879 1643
4085 1513
1476 3240
2670 3157
1759 742
1868 1190
2443 1970
3776 67
86 2777
3500 3514
2601 2298
1755 1834
1510 1837
2509 3830
2954 2683
4496 4460
78 1845
1700 1607
3864 1002
4877 1475
1672 2547
4751 1623
72 4930
4101 3743
10 347
4146 2498
2673 3865
908 2625
673 3555
965 1074
1264 265
3108 2443
4129 2050
2163 747
182 3695
4362 670
1886 1246
1325 1895
1608 3663
3994 2515
479 3251
741 1707
1158 4623
2495 3234
1342 3499
980 2800
4181 391
3372 3590
4153 1248
3924 1243
614 3960
4702 439
972 1020
3302 1134
3396 4562
3007 3687
2236 1290
3149 1973
4289 2372
236 69
3557 2506
4297 1969
482 1536
4760 4997
982 4513
1030 4680
1367 3596
3687 3366
440 1599
4691 4435
36 946
4372 218
130 4271
4067 2863
3250 2376
3227 4122
2000 1426
494 813
1662 1329
2032 2183
1783 2460
2593 1379
2441 795
558 3850
3138 3254
98 632
455 2527
3305 2422
4184 3082
1789 2683
1320 4596
853 1504
988 2722
4210 300
242 2636
3628 254
3900 714
3325 2625
4325 4517
1539 1949
395 4569
2500 595
1301 1481
1470 193
4063 1924
2445 4007
4500 3151
3944 1217
556 1099
685 134
302 1944
4436 2200
2087 3746
3538 1749
1835 1811
4303 605
2107 1905
2170 629
784 2449
2515 1852
1839 4
4993 380
2582 4089
4245 4075
1533 2340
759 1522
1409 438
1328 3366
2965 4340
840 2509
4738 2724
736 4579
3881 469
2210 4078
3134 926
1536 2535
4223 3146
3995 4082
1916 387
1021 2087
1002 3309
3104 2178
1923 1764
2624 4215
3337 824
3975 1243
2131 3160
4176 1519
3198 1013
1862 2486
303 4873
2309 265
336 2183
1841 3897
3809 2484
4982 1309
1841 878
1456 244
1229 964
3093 333
4641 4303
1215 4181
4133 4792
4941 4729
4945 2066
4893 1668
4108 1944
1131 956
3937 1794
3221 112
3891 4444
2754 1220
3179 768
152 1441
1967 2774
21 190
189 4728
1968 2364
1353 2915
2033 1560
3115 3235
1206 3410
3548 1725
208 2870
658 1667
1726 1216
1051 28
3480 3118
2711 3706
4126 4153
3336 1088
1073 1307
4006 4828
2938 31
958 4753
1435 22
179 2440
235 1534
1952 2424
1502 3856
1845 339
475 505
200 3227
2751 3953
1077 2037
3379 1571
2257 4500
1434 164
3684 641
1966 1232
2837 2227
579 1009
2178 377
2547 297
3136 3015
115 2418
176 1353
958 3939
2275 1657
4841 3030
791 343
3511 88
2210 3530
2734 57
2526 1522
4186 2677
3974 4183
3880 2234
864 1055
1542 995
243 564
4209 2180
1275 2101
4726 2286
4235 4863
3773 2005
1770 4826
187 2601
2698 3392
823 1634
709 132
336 887
1840 1400
2204 2065
4324 2329
684 891
4138 2903
4550 4117
4871 2751
1699 2282
1297 2083
2251 3190
4113 1694
2437 3508
4249 696
228 1198
3048 1913
1214 46
4395 1579
94 3453
1359 4296
1269 987
2244 3718
4964 1558
3636 1784
1861 1630
3004 24
4963 3480
4786 2697
1591 3177
2880 2282
2461 2406
1768 615
3758 1914
3929 2122
1846 2776
4872 899
193 3785
4706 1931
2418 719
4881 3759
796 75
1085 1243
277 2125
2629 3973
2880 1250
3935 844
1017 1266
1500 1073
4430 1451
983 1820
972 456
2944 1626
2720 526
995 2853
3632 704
22 1013
3617 3329
2132 1302
4081 4563
4427 3362
527 565
477 2080
306 1674
4285 3660
3064 2352
4360 4162
4665 2574
526 1509
874 1722
3840 4261
4006 2433
3421 1425
4874 840
456 4384
407 2515
3836 3086
430 3772
4899 3077
2255 4878
3499 4298
2323 2586
4418 98
4331 330
2747 3893
584 1084
1993 322
3156 2482
1308 1723
3112 792
4162 4905
272 3357
4687 379
780 1181
2312 620
4168 13
3765 4451
471 1089
2005 1974
595 44
1606 433
72 3830
229 4900
450 4778
2859 3643
243 640
2377 906
3906 2352
4917 3552
2601 145
4389 651
1405 3569
507 1661
3067 2765
1762 4062
3297 2619
1512 1097
931 1678
1581 4323
3400 3370
1355 2
1548 1041
4718 658
3526 1582
405 3694
4749 1751
1058 1581
2470 2152
4862 1786
1809 94
1585 3096
4262 1848
4281 862
4818 85
640 3544
4270 2426
4715 4159
4601 2459
2896 3826
29 1549
3904 740
1680 825
3270 3207
2852 1955
4838 689
2920 451
3161 4438
3456 1643
4136 3551
1219 3243
2487 2210
4540 1234
1036 554
2580 254
3576 4768
757 2342
574 2402
3450 1461
3537 2795
2253 361
851 3083
3761 1021
4203 3680
1137 3804
4406 1300
224 1848
3225 2434
2139 1434
822 4172
1491 130
4982 4774
2808 4169
2982 4168
179 420
4324 4000
4594 1572
2956 4222
4522 2188
678 3340
703 1947
1362 4022
4752 3099
519 2718
4209 2553
1448 4
176 3222
1361 2060
1956 4589
2800 911
2587 4806
2423 174
2476 4906
3617 2676
2692 3608
115 4564
3076 344
917 4940
2786 2398
2521 1264
1575 1472
2699 4658
3074 4403
217 1768
963 1820
2413 1974
3690 4387
2881 4366
3249 2036
2707 2021
1895 3673
4993 3728
87 618
3086 590
3448 1647
1174 432
2582 191
1766 2518
4689 586
2847 3740
1268 3660
541 3317
2641 3202
4539 1551
2947 3058
4202 216
3051 4510
4889 4134
3320 2282
1366 821
3153 4791
1678 44
1484 3062
2714 4049
2893 1881
1571 1975
4063 798
1615 909
1422 4029
1724 3097
1816 4884
2789 2461
2681 1985
2635 3248
270 4432
2821 3256
3917 3974
3027 4086
4523 2861
2015 4722
621 2136
1429 4634
1452 1274
1404 1797
2082 3914
325 605
2090 2314
2260 36
2903 3464
1550 461
955 4052
2458 1599
2820 2307
234 702
4386 3644
4084 3858
1411 9
2323 2876
290 1016
1388 4110
1734 338
1718 2066
1911 4731
1049 4766
3671 52
4282 2630
1302 478
4926 98
310 2712
1574 498
744 3426
1905 3552
1095 4050
4112 3717
1651 535
4382 3214
1393 2821
3838 168
4713 2712
530 4554
2231 4357
1201 2466
1991 3701
4512 1314
1899 1307
1340 3244
4183 4272
4175 1980
1639 388
3210 1637
4751 1000
3378 3327
1602 2386
110 1760
1535 3113
3951 80
1969 2722
1464 1217
1846 3298
681 3350
1467 2949
391 3403
574 1134
4230 2862
76 3351
2057 3045
1860 396
1545 1976
3507 2723
517 1152
4241 1214
1433 2568
1332 4693
794 451
2747 1197
4232 391
2422 1766
4533 4600
1165 4084
4509 463
4038 3771
815 1276
627 2897
3387 4466
3851 2862
532 4051
71 4647
3808 4859
4368 2388
397 4737
1951 2214
4446 1627
4309 2853
4438 2386
4724 3313
397 2358
3453 1216
1737 3827
1220 3959
1887 4412
2209 4500
4418 1390
3249 3395
3243 2033
188 3360
1969 570
4232 1821
1939 100
4502 2812
2964 2545
1467 4135
4685 1668
1618 3989
2570 3424
2487 232
830 1510
3223 1373
232 4963
4983 3100
4850 3016
1274 1665
2071 838
279 1769
2502 4394
2674 1977
60 3949
3058 1980
1502 359
2427 4667
2079 3653
261 178
247 3233
4900 3185
3749 4561
161 1216
614 1746
4633 94
2215 894
533 4
1567 3635
4634 4421
1168 3471
377 1865
688 409
4842 4026
59 1098
1284 2918
1507 363
312 3375
2306 3600
655 856
2159 1006
1177 713
2704 2481
4112 1820
4207 265
1252 3488
4984 2142
3520 4462
1186 2106
2885 2114
92 965
2590 2156
617 1999
3131 1888
2031 729
4786 251
4053 4125
1346 1552
4867 2575
2122 4330
670 2268
3466 722
4532 691
4032 2794
4884 1816
4486 2715
1250 3696
4353 4484
4298 2778
2093 2941
4539 987
88 4451
2199 4973
4484 4380
1055 1777
4881 837
843 3706
579 1938
555 1236
439 7
2776 3685
4331 3348
1398 3355
3735 3846
606 654
1535 1180
239 1343
546 4694
3213 736
1696 2469
2413 918
1391 4231
1487 1421
2494 4458
357 595
2718 1595
1027 168
478 3039
2192 4236
4879 2073
4 1890
1391 3293
2794 1227
4897 1269
48 4142
220 595
572 2222
4867 1982
1770 565
877 1032
4499 280
62 3711
448 2034
1582 1778
3543 2029
2840 3351
901 3294
4430 4170
2429 1465
19 120
1368 1766
2361 1733
3725 2610
3276 2755
3803 2368
1831 4221
1797 961
3109 2091
1485 3362
4131 1598
3620 4349
2428 1982
808 2219
717 737
2087 2577
3082 4543
2172 4656
1024 900
552 3161
500 1494
3266 840
452 4784
394 3008
3949 4823
4762 1008
4677 4962
4382 4045
4898 2391
4646 4328
1450 891
1273 2009
4396 722
404 3244
4175 1849
3524 187
170 4335
4320 1068
740 2755
3387 3717
2189 650
8 677
2604 3608
1582 4820
722 1353
4742 1365
126 4032
2747 4675
1259 2192
3650 739
920 1529
1138 857
1830 4230
2461 381
1759 1900
3199 1774
580 3437
2127 3079
3432 774
1459 3378
1820 3534
297 2851
1378 2760
828 1342
2950 2610
1364 892
2121 3935
681 2569
4776 4786
3360 3257
4869 1957
511 3869
4396 3864
3430 8
2209 669
4046 2280
1560 3716
3455 4385
2133 1715
325 3011
2429 216
946 767
4780 4026
2162 1885
4752 4197
2330 1419
334 4164
2026 2545
2052 1035
3101 1568
119 1773
399 4852
830 1268
463 1575
2150 1504
4301 4841
4640 4442
1133 741
1496 3265
4916 61
1718 3541
4858 4896
2946 4033
473 3347
4484 3638
502 638
2874 3534
2597 2512
3662 3982
4977 1110
1791 2008
149 4456
975 3768
4140 1732
2164 1853
3768 2512
4315 4018
3305 2034
3634 2510
1836 2674
1308 481
4630 1178
91 4136
977 1908
3840 930
3599 3525
2015 1308
748 873
4274 4561
753 2975
4514 958
101 4350
3701 1414
1903 4488
2852 346
3658 4926
1356 491
4128 460
3144 3266
4666 4383
1597 2912
4262 1596
3846 1753
2771 34
4361 1079
4697 4243
177 1556
3020 2079
1949 4936
595 2226
4961 4260
3972 359
444 3253
4506 765
2314 2117
3817 4905
3611 4239
81 1947
3908 1666
609 349
2508 4928
4342 1394
4777 2287
957 204
3116 607
1197 225
1618 4173
2369 4998
3068 4631
4756 988
2946 2849
1837 906
1316 416
3806 1211
1657 3638
3519 3850
1971 69
464 3059
610 3830
2831 4084
4936 4572
4631 76
4541 2045
1162 722
2941 4449
4671 2801
446 1894
3695 4515
4286 1531
3365 2635
1613 3996
2941 568
4686 3349
711 3951
1732 603
1355 4311
4899 1399
2526 1147
1588 1340
1990 1875
2989 1579
4755 653
824 3884
2079 4251
4619 2792
3559 1708
4432 37
2410 1927
1806 1738
137 3788
3335 756
2496 638
1939 1936
621 583
2910 953
1982 1962
357 3316
151 2839
687 490
4004 1098
857 4527
3828 533
2530 561
3183 3511
1465 4554
1209 1677
3443 3946
1015 1976
1442 990
2593 2143
2026 2357
4825 1950
1406 3773
644 3199
1706 4354
1974 2432
226 4415
1019 1222
2763 3104
3075 3369
3248 3470
3797 1191
145 3028
2695 2469
775 4651
1229 4595
2522 1921
1928 1432
1174 4951
657 1118
1155 1850
1751 326
4701 793
2157 1967
3212 2241
391 3708
420 3582
4646 2524
4895 2900
1577 2118
3217 2429
4487 2787
813 819
1259 2998
2223 1735
2023 4290
4137 3091
1188 4316
2705 1582
1137 4273
859 214
4994 1432
3763 1802
675 875
1446 2192
2725 1690
4570 1189
4967 4344
1683 3963
1809 2866
255 832
3982 3726
1356 229
3096 2560
4112 2587
1496 4651
3290 1837
5 374
2743 162
2908 2524
4151 3273
2226 41
4313 2915
2143 2969
2212 2235
827 1947
2960 137
2645 3207
812 847
4073 3452
3009 4203
1945 1229
2615 1823
4568 757
503 3581
3083 2064
2960 4479
2729 4027
1142 1942
1196 679
80 785
4352 3082
9 1593
4300 2599
3873 1802
2279 1239
468 2477
301 2144
4316 2460
3850 805
2707 2100
4270 4630
659 650
2369 1897
737 3264
880 4497
1335 2967
4449 3806
289 33
2108 77
2507 3687
827 3706
3473 3040
2323 1611
1703 2003
1275 1830
3698 3111
253 902
2863 3665
2539 4362
1922 919
3427 3063
1553 4171
3670 815
834 3177
2173 4361
978 3596
2693 3955
3760 2181
3413 4390
3690 1910
4597 3681
4270 1358
3385 2641
787 3070
3958 759
3809 140
2405 25
2446 757
3894 502
3963 1097
4166 4716
1919 2361
3036 3093
4514 3004
3608 3554
4252 3443
1517 4293
2198 2241
4497 4381
177 3215
67 654
1423 2975
1556 112
3023 55
4721 3418
2908 1216
4008 949
256 1784
4112 4149
3133 2037
4822 2718
2964 1067
1302 1835
2242 3511
759 1741
3448 1653
865 545
4538 4359
4267 1363
658 4199
2312 2043
2885 1616
1186 1717
4822 2935
899 3781
1234 2623
4679 3810
4468 3518
2006 3634
4538 274
48 3110
2544 2440
4609 552
3843 4350
1328 1826
560 759
1083 4089
3326 2191
3133 1218
3978 3392
4931 1644
4114 3764
2139 2070
4539 2731
2173 3946
2278 520
3814 730
2241 1135
579 3794
2011 3122
3172 3398
3002 3805
4241 3125
2344 3494
1921 3662
3914 3929
3232 1018
1819 1810
1336 3283
713 2148
4140 1723
4567 1826
4217 1848
1219 2036
4078 2015
3696 436
4870 3518
3854 1682
3251 182
2801 1197
3725 2105
1960 4594
2155 2648
3078 466
3817 3776
4430 2247
1267 2846
4723 191
3057 4793
2150 3173
1435 4423
4468 4476
4439 170
1822 933
600 3756
1242 555
3201 2913
506 1405
3003 4205
836 1324
2996 3190
2194 3941
169 4586
283 665
4004 1204
3842 4083
2769 2155
2413 2474
3462 187
3977 144
4801 432
1195 2482
1343 2464
4242 2417
4177 2521
2788 1095
2465 11
574 182
1255 4447
3000 1718
3141 2729
703 270
3689 505
3765 2853
2004 2640
4150 3329
390 329
4869 4704
1548 3750
3991 1117
4029 1357
2005 1077
2690 4970
2272 4354
956 1326
3304 4176
3954 400
2206 3742
1362 1700
2274 3087
1464 2681
2847 4313
694 2192
3686 1142
2395 4769
641 266
3006 4168
4617 988
4308 4872
1753 4649
3961 1582
4149 1212
4572 2490
653 778
3445 3193
374 4070
1187 1543
2867 2352
2297 1155
1592 1996
4330 1835
679 1896
4277 4106
4895 2365
4834 4839
2386 2458
3749 199
4397 1125
3298 582
1181 860
4154 3298
4712 3515
157 3233
2074 3742
41 892
2905 890
2441 2339
659 703
4801 715
4095 1864
1953 534
369 3446
4825 162
2130 98
4772 108
63 2738
3192 2790
1152 2558
1461 71
1700 2979
323 394
1699 4335
4761 1450
500 3958
4795 3236
2689 4565
228 933
1432 1477
2181 846
4642 3898
2116 1509
2561 1133
4056 2142
4774 1382
3899 457
809 1598
2802 1654
4029 124
3426 2646
186 4367
3803 2836
2597 4595
1625 3325
205 2455
136 3555
1215 3950
2016 768
3381 2269
1265 3217
4338 1365
2609 32
1297 2104
3155 3055
1863 10
747 2722
4765 1672
1320 380
4955 3972
520 541
850 484
1266 3754
2576 1263
4104 3253
3985 1105
3132 3111
3356 697
1204 1051
2892 2969
321 445
4152 2558
3140 4011
422 1050
1170 3123
2883 2598
930 957
3661 3939
868 2138
365 4730
421 3805
1439 4106
688 2544
1788 459
4103 3547
3154 1937
4794 1065
1834 1459
503 4931
635 2484
2666 785
3181 2730
1511 4029
4000 4933
4102 3563
4278 602
4878 3343
3942 1473
1526 1933
3274 4083
4200 3630
244 488
326 1849
4524 3288
3529 1673
4485 1928
3912 2782
4097 1744
3326 1990
2290 4314
3312 4277
2155 3013
3797 1099
4222 4908
2030 4157
1207 121
3495 190
152 1605
3927 4432
3286 1972
1397 3741
1653 3532
1267 4387
1400 2135
4848 3152
91 1666
704 761
3284 685
3135 2385
607 4315
4071 3489
425 2780
4165 3195
3935 4242
1394 4603
3937 1560
2385 1184
4649 1258
420 3871
4000 3753
1420 1369
1259 845
673 886
4473 2992
1262 4754
4793 4408
545 3895
4985 317
2490 387
3786 3853
4553 84
3739 3452
2181 665
514 2264
4243 3666
3330 4332
1331 3811
2482 1138
1937 2221
3442 3895
3954 2373
3004 330
909 3505
2624 1645
461 2824
1423 2399
1252 3290
3637 2472
1114 552
729 215
2702 3133
1735 1193
4205 421
3816 4411
1473 4261
4896 241
3859 4419
2600 1496
107 143
3060 3561
1407 2642
4704 39
2595 3565
4327 4724
2456 3598
765 278
1256 791
3541 80
377 2759
3149 190
48 1198
2753 1232
3799 3915
3237 3827
4106 1327
767 2452
1599 4751
1012 1743
3477 1646
2954 2503
814 330
4997 1359
4151 2624
2294 3552
1519 1858
665 44
1686 1384
4614 1722
3473 4429
3475 1443
2667 971
592 4821
1950 2377
1634 2909
2586 3500
3108 2690
973 1820
2331 3328
3892 1009
2985 2059
16 365
4916 4276
1437 2332
2832 617
2751 4537
866 2735
3806 450
4902 59
2475 4824
156 3210
3563 4255
2598 4518
2892 2989
38 2562
4542 785
4822 1167
4588 3705
55 4160
2602 1785
3437 242
1146 4432
4635 2601
2098 301
2515 4911
3903 1402
225 3822
4912 3200
3449 640
2868 996
990 2477
118 3720
1228 3797
4666 1148
296 2470
2816 1111
4447 3048
41 2081
3532 1903
4839 755
3694 3473
3834 273
4393 4121
2856 2086
4668 2763
140 4617
3123 1385
4499 2975
2077 2989
1019 4208
4921 1256
2429 1911
4788 530
1910 242
886 3436
687 2729
1739 140
1972 2755
1876 4057
3406 3246
1357 2636
2205 709
1518 1940
4224 2439
2358 3245
4344 2996
585 2175
3678 3143
213 3538
4722 1490
2351 201
2190 2551
2803 4716
1178 4875
3547 2490
2105 1800
2271 2686
1836 4003
3798 2634
3205 4890
2036 4161
1279 4978
221 4594
1244 392
4066 2074
4751 3255
137 1528
1115 4626
3545 2095
4755 1602
1630 1616
1884 3794
3809 2406
3984 4625
524 2302
1540 1511
277 3406
1804 4924
1993 1013
4062 2438
3035 52
2612 1345
3405 900
1822 1299
2894 2615
1583 2792
1980 3667
2543 1412
4308 517
681 1904
832 2354
965 3055
2480 3508
4297 2592
3652 746
3460 1790
9 3697
1755 1375
2338 2650
2887 34
2721 460
2838 341
942 2268
866 4726
3975 4049
1791 2208
953 589
1896 3160
3686 2537
3269 1480
671 4496
4446 3315
283 3080
3459 4394
913 1348
2102 111
4003 2589
297 3809
3652 737
3389 3927
3195 580
10 1800
2608 2807
1734 586
1342 1343
2760 3282
4545 3200
4012 2531
4331 3817
4604 3490
1362 721
1476 4234
123 4274
1334 2563
733 1557
2560 4329
4223 3230
1403 2290
3540 1201
2093 3679
4769 4621
2945 3967
3331 3649
2830 4544
3958 1532
4901 4951
4172 3657
2231 4690
1874 4099
623 4709
2138 4669
43 3594
1724 3966
4328 2948
2518 4354
3270 4205
3462 2612
1834 3774
3341 635
1324 2344
1686 3466
1896 2105
4159 509
1504 4425
1920 1193
1738 1549
538 3643
3950 4507
538 1996
2747 2855
2101 1619
3082 2981
3790 563
1962 3377
4142 2574
830 3508
4139 1866
964 3711
3860 3556
1720 3197
3636 2995
17 3660
2398 46
4913 2740
1840 376
1218 1523
338 3202
2487 4248
64 3106
2537 486
4094 3115
204 1267
349 2829
3081 3338
4603 4238
3445 1423
3967 257
4698 889
741 1302
4476 1316
2518 2706
2135 503
1837 4009
2199 1827
2933 2113
4528 1014
2583 4529
4215 1207
4522 226
4288 2755
1507 3156
2001 1870
2800 4276
4551 750
3544 2836
632 3381
1334 899
2953 2317
1693 1407
4376 2433
3757 3305
37 681
2246 4320
1845 4030
2741 3473
3991 231
2949 3909
4155 4660
4664 1891
1710 561
878 1463
1123 2197
4453 179
1727 3219
1562 1389
2628 128
2999 2409
1233 2871
4518 4153
1831 562
2956 834
1663 9
561 953
3122 567
1495 1022
1145 1379
536 3159
143 613
2150 776
2115 970
1357 178
314 4098
764 4002
3116 3007
1852 4851
1054 1208
3831 582
1840 1136
4766 3977
4104 4953
4868 133
655 2460
1870 1365
562 4901
407 1772
2836 4834
4246 3158
1706 3645
2867 3202
4055 251
4963 1934
3912 2035
904 4836
195 2555
2548 4060
3748 3295
999 3233
872 100
4719 1448
2774 3149
2080 558
3210 43
4957 4874
828 962
3693 675
1944 2497
3353 2851
1255 1994
3812 2956
2462 3555
3076 1978
2918 3964
3513 2641
796 1563
484 704
3081 1868
4666 2303
389 3332
1472 4565
384 56
3337 397
3585 1378
2550 4745
378 1316
678 3687
1675 1088
382 435
3926 2679
674 3990
1187 2848
1052 2822
4773 1619
3068 2718
4357 175
2266 3399
2294 3361
3768 4118
304 30
3571 3920
25 4194
955 780
2536 1378
1217 1832
3300 279
3153 3455
4477 4228
2640 4489
2585 4155
4064 4131
2930 2546
673 8
462 2891
1594 208
1799 324
1760 3609
923 1637
1510 1299
1511 2152
1126 2728
4552 2726
4031 3292
394 4175
3648 1017
2701 2505
139 1110
4524 1158
4445 3881
240 783
830 4810
597 638
180 3971
3018 2538
4381 2853
3431 2108
1676 3844
4874 3330
3259 765
1499 433
2339 4647
3825 896
120 4304
387 3227
3432 2505
660 4293
2900 4077
2057 314
1224 2630
2701 916
3480 4129
3191 4212
460 1130
674 3291
3198 4219
3182 2250
2465 81
37 903
3004 2672
1832 4168
2967 1993
3274 797
3870 776
1605 201
3 834
2812 2601
128 4359
1825 4633
3326 1933
3113 1163
3616 3077
1436 4841
3267 3954
705 3685
2434 718
3537 4207
4949 1455
546 23
1673 3219
800 419
422 64
3175 4619
285 3319
4892 1579
4913 3290
1493 617
1688 1771
622 4391
1081 1519
1109 3291
1688 1259
3016 1230
1759 3093
4693 122
4960 263
1266 1520
713 3191
2830 3576
86 4098
1320 1457
3117 1403
4871 3212
1462 814
4090 1892
2194 3802
1281 1657
1990 2654
2843 702
4576 2107
1073 527
1481 3539
1923 1095
3523 552
4498 3433
2540 3095
101 4949
2396 4935
3752 93
4395 1797
4634 3768
2223 2682
4397 2535
901 1575
1196 3519
2830 2855
3104 4094
860 1295
59 2705
1364 1105
649 3269
3062 23
3595 3701
2691 1174
622 3060
1583 3552
4572 715
2271 2503
3922 869
1157 3007
1849 2081
4745 1627
4576 3799
1202 4555
4098 4183
2237 4580
4668 590
3941 4601
1994 3634
2741 409
1651 729
4298 3760
1826 2165
3 1770
4230 2882
669 4709
3108 291
1802 3871
1267 2202
1411 2120
1456 1558
2934 1025
1924 1410
409 3165
19 3868
4535 1551
4989 2371
682 3412
4379 4053
803 3682
1682 3223
1454 3289
4948 3558
4273 265
1472 4750
3870 3869
686 137
2966 4023
4767 3475
4569 2059
4060 563
1092 3208
2470 4612
4058 1276
1350 1052
1614 1135
1319 1661
2935 3132
1872 490
3453 2347
1094 2012
2835 762
3706 3959
3942 3014
4231 3574
3165 3708
2270 846
4218 1452
3445 1962
1848 2201
4157 1034
404 650
2931 4777
4713 4165
1218 1735
1127 2420
4095 4677
4436 3768
1429 799
190 2134
3330 3622
887 3847
1706 3351
1745 3212
2642 750
1652 1578
2047 1679
1167 1746
2760 350
3259 164
1457 1141
1174 877
2578 3014
4975 2702
4208 2170
2597 2983
3762 1186
988 3220
3950 4908
4762 3415
77 1264
1247 343
2636 1634
1148 4799
3493 2971
2454 4913
589 1828
1891 1109
1167 2954
3164 2388
1921 3856
2539 3554
4205 3417
2975 1956
1188 4390
381 3382
4446 4535
4745 2744
836 517
3622 3186
4265 4583
818 3277
4982 651
1973 132
4862 2776
1820 3731
2282 2609
2953 1535
2557 356
2149 1886
1738 4404
4505 1360
893 3325
1969 4110
2695 2214
651 1674
3966 555
4278 663
3836 3203
1765 2962
1719 879
4470 3714
1369 1685
2263 1540
393 1628
2297 1994
682 3528
1295 829
1546 2208
4080 2544
1557 1582
323 1959
2931 839
3403 3560
4184 3812
4243 472
706 784
979 4329
2560 2539
452 2347
1809 4742
3537 3505
4235 1840
3702 1125
4981 3113
2949 1695
1367 517
1215 2665
176 2739
1168 3463
3656 3310
4566 3765
7 3363
1387 3649
366 1436
2993 2427
1277 101
3933 3722
1444 3694
167 4049
3990 3624
1785 1289
3899 3579
1231 4881
1701 1446
190 716
4949 4032
4991 338
1487 4608
909 289
1595 608
1917 2717
3557 456
1190 493
3655 3872
690 1096
581 3676
4508 1600
994 2903
3762 1086
490 42
3260 1207
3591 1516
3261 150
2296 1166
1098 3945
3654 487
1977 8
2089 910
2116 2747
3347 4198
3526 155
443 559
1373 3980
3397 1058
456 689
439 3421
2275 3601
3479 1104
377 2321
2731 3735
4217 2090
1785 1313
2252 4092
1761 1688
4230 2186
3064 234
2955 1576
1782 1679
3349 2019
3610 4884
2291 2793
196 2136
1539 409
3571 805
1666 131
73 4201
3867 2738
1827 4293
79 3385
4445 902
4157 1061
3182 3506
2051 4873
952 101
2739 1463
275 2189
2960 3966
2089 1859
531 1919
661 667
2409 2093
816 3501
2128 523
1917 3837
1050 1536
3462 4016
3696 3233
1909 4816
4371 1486
1823 705
2023 1992
4326 2285
2722 3864
431 77
3371 1732
2140 2242
4982 3110
2906 995
1879 4549
4093 4159
4548 816
1346 3845
4288 4808
821 930
38 317
1949 4027
3859 3204
2837 3756
2319 680
3748 472
1053 3991
3231 3049
1712 2782
3501 626
2248 535
2156 2676
982 1497
4850 1630
4245 2969
1558 121
2425 3896
328 186
2237 1941
2407 3385
1823 693
2017 3538
4742 1688
4224 4345
4791 2101
3979 1460
3164 4745
3810 1076
4015 1940
2175 4892
4822 444
825 4396
3167 4983
2946 2192
4629 586
771 2229
4027 3183
3895 4892
249 55
1542 1123
829 60
4931 2679
3035 1219
1287 4246
3872 1272
735 109
4147 3810
924 37
454 4960
2234 403
2076 372
2963 4544
3283 3823
556 3038
3019 3173
1137 412
1295 1507
629 1356
2140 2846
188 1347
3496 2245
2164 41
4990 4114
296 3754
2966 3213
376 836
3562 3074
2382 1626
4430 2444
1858 1600
3679 3433
2328 2447
384 3752
2864 4147
2632 2521
1711 3044
2392 76
2308 1410
2524 4556
1374 4300
945 4981
4932 4091
2710 476
260 2970
1101 1878
4104 3785
1955 3236
2269 3963
1078 3805
3806 596
4071 4220
1586 967
1088 1372
697 4446
2104 2809
3260 4163
116 3505
1518 3119
2784 3747
2893 114
719 814
581 690
519 3829
3712 431
2385 2833
3678 366
3960 232
2211 484
3367 2437
3842 3343
3183 392
2356 1799
2769 648
3894 1530
2226 4061
2177 560
1197 3171
3795 3532
3917 2004
4471 3828
1570 3933
3080 475
3907 1156
4980 1237
1806 2040
239 1875
396 2137
125 2704
1680 2970
572 2514
3577 372
2840 549
4238 4261
2697 3644
1330 97
2427 2098
225 2127
133 3057
161 4832
2956 3833
2236 339
2064 634
245 653
1934 2805
649 1727
976 2152
4560 3248
211 2289
339 1860
4919 4717
2121 1525
4364 225
4893 2138
1635 3137
1914 1253
962 2615
1514 1657
2941 4174
2178 1859
4913 71
34 2336
2050 3876
2533 1032
4680 2795
484 137
3381 3326
287 4711
1594 3625
3678 75
1371 2555
2461 4882
2728 3968
287 3311
1246 1094
4748 2219
2325 670
3454 4908
1650 1774
2264 2612
8 2285
4448 2955
1379 3398
4471 1928
3798 4753
710 52
4573 4342
2507 1799
1509 2476
2460 711
1803 649
1683 4814
2498 578
2779 1483
4617 3981
930 2956
4484 4709
3032 1643
4729 1214
2951 3222
2950 4802
3371 2036
2922 580
2931 324
3929 3690
728 2800
348 1680
1350 2194
2128 3435
3674 494
2773 4826
2579 4809
298 524
291 3384
695 1478
4183 2491
2164 3164
605 3459
80 1771
1486 3162
4444 2972
1044 3843
2905 3683
3990 762
4671 4920
58 3372
1088 2686
898 1994
4172 3922
1842 1130
222 174
3496 871
1846 1271
1845 3682
3393 2468
3331 2488
3110 3880
384 3870
4178 2970
554 227
255 4450
4643 173
4816 2126
288 1111
3960 3367
1556 3689
1772 2246
3626 1112
774 1523
2546 3992
4955 1183
3267 4863
2279 1479
1747 1539
4784 1508
563 3079
4072 2409
1167 2882
127 1765
3716 377
2584 522
1026 4566
1954 1685
2484 3744
2786 2823
1957 373
3312 4939
734 1318
4903 4569
4158 202
3393 1386
2017 2885
842 1221
1620 946
2403 3106
2095 2479
259 3557
4475 2496
2129 372
1551 4838
4556 2813
350 2434
686 2490
3115 2269
71 686
432 673
4054 2045
1483 3757
4189 1510
1786 741
4014 540
976 3953
3872 4910
545 2071
103 844
1322 1547
1123 635
3484 2782
4055 1098
4131 3140
3629 1638
1642 2394
568 3043
1241 352
570 404
2938 36
1007 3580
3320 4647
4841 222
2737 348
670 4682
326 3798
4823 3634
4216 2649
4074 1452
3213 2668
2562 2432
2115 4501
3181 4060
3213 3405
967 3766
3444 4062
4182 3554
3959 2722
4645 4405
1741 4078
2300 4129
570 2599
3592 1729
2585 3499
1151 2128
1130 132
3919 2349
2740 3592
4127 2130
3420 4196
2502 1733
1623 2211
2483 214
2900 3577
3668 3338
3109 4173
2683 4312
935 2271
966 1970
728 3189
3838 3518
1593 3660
346 2173
429 2661
2085 2171
3065 1782
125 2641
4587 3571
142 664
4792 1997
4590 2175
2344 3474
1490 2174
4941 2140
545 4515
3501 1502
3207 3901
187 1389
2325 888
4813 4396
1647 1457
1289 4066
1622 4098
473 4159
71 4359
3922 541
155 2034
1511 3980
2072 316
747 3152
2065 4421
87 2919
1778 1678
4904 4766
3166 1749
2085 643
460 2378
3039 4496
2607 4679
1745 4150
1094 876
1987 4545
4243 540
930 691
1999 3690
1690 1259
4254 3784
2390 1079
751 370
3911 4087
1247 3982
4996 716
1550 2982
4505 4297
3762 2234
283 3417
91 4911
322 3193
3031 1285
1944 1695
3590 2368
745 724
2512 1204
3875 4854
3846 847
1713 1889
1079 3849
1250 318
460 367
447 772
4134 3345
2830 3759
2086 1280
2672 1214
1061 4900
2457 3081
77 3773
529 1891
2304 713
1262 3972
2927 1869
3525 4554
2238 815
2881 386
3646 2284
1338 2305
603 565
1618 1672
1319 2687
2420 3343
2942 219
3094 96
3908 3755
1065 2880
4156 1150
2294 1162
2379 2318
1436 1781
1596 3080
2407 2710
2316 1604
1754 4521
2881 182
2672 2276
1247 1419
359 3700
1115 2576
1039 4381
4515 4440
4250 2892
4197 2324
740 7
2496 2888
4405 503
2161 884
3908 4317
1358 1320
1446 1891
744 3291
2504 1460
76 4886
4153 3646
3618 3812
4499 575
546 4149
4924 3902
1388 11
4160 4323
559 469
1569 2042
2541 4898
4185 1924
2645 4008
2039 2199
104 1422
1417 3199
4159 3382
2177 3388
4093 1735
4403 1942
4330 3018
4798 1734
287 2027
600 4855
833 995
2239 493
3104 2836
4366 3109
2263 2900
3100 1005
1401 4837
740 1701
4601 4556
3608 910
3474 3425
3774 3674
2409 1838
224 4453
520 4388
2439 4274
725 3826
4832 2729
890 3376
1066 1215
2213 3579
534 4950
3443 841
3360 3103
3953 1175
3869 4741
3299 1929
1125 1196
3312 3755
2195 3970
2310 4613
2003 1644
698 676
2404 4468
4699 3935
2462 442
2016 3982
3189 3449
638 4938
2118 468
1750 3897
4721 24
3471 4569
992 1323
4784 4263
2415 3277
3712 1728
949 3494
3826 71
954 4208
2235 3968
4449 2455
2638 2702
4552 1998
4690 1904
4181 3252
1210 192
3099 1375
3957 1863
1166 31
2711 1747
1156 2607
3384 3491
4188 3279
3468 4501
1123 3757
730 3365
2252 3613
961 145
4983 1638
672 2482
4974 3911
4764 3190
2812 27
2023 836
3767 761
1039 1943
1632 1038
2277 1399
2657 1383
4431 2732
2654 3234
3553 3516
3814 1668
1383 143
556 1720
3718 3921
3177 758
4060 3905
2844 2755
3836 551
3637 1648
1854 3475
4470 3197
247 3451
547 119
2437 1957
3236 3303
1366 2854
1408 4069
4754 3346
908 2141
2333 2206
4029 2337
2729 2401
1818 1879
2860 2738
2173 1684
1998 2318
1628 2017
1142 3617
3611 3725
725 1183
2428 2940
3203 243
2794 2959
600 1056
3626 1107
4550 2591
1026 3582
317 4936
2999 2495
3159 3931
1266 630
4222 1801
3546 3212
3250 2903
856 3372
1215 612
2735 1666
390 3819
4523 1874
971 1395
3699 140
2304 764
3154 4663
3887 4580
4826 1316
1629 1636
1594 1869
1030 909
4770 1341
1619 2750
4547 2153
2811 4490
229 80
393 454
1403 4583
3290 3673
2994 3535
2594 2223
1490 1603
1416 2295
2076 61
2998 4323
4861 713
1373 3207
4481 1508
1897 3870
3508 2862
329 4954
1693 4326
2971 3523
4268 3476
269 4018
781 4437
4718 662
2605 1194
94 4159
3004 1531
4827 4737
3796 4938
653 154
4273 3826
3101 1247
4282 4682
1106 4260
3551 556
3483 2372
2739 3412
3300 912
3740 997
1339 1282
785 3317
1866 3605
2203 4068
274 2125
2151 4249
4021 557
914 22
4309 297
2742 2029
1156 2552
1869 4307
123 615
4699 1172
223 1258
424 215
720 3019
2950 851
1820 1952
2209 1562
2564 1705
2469 1973
309 3343
276 1833
4666 707
3015 712
712 2326
2348 1122
1682 2836
4050 470
3630 3775
4561 1868
3959 1313
437 301
333 106
1893 3981
3290 2427
14 4439
4797 329
1174 4841
4453 1439
2486 3466
1454 661
3103 4858
2016 125
1256 4177
2025 72
4518 1275
4447 2572
4446 1169
3691 4625
839 4067
1874 4748
1612 1598
4750 147
1528 2408
3476 1883
2330 492
2047 294
1883 4914
581 2305
1734 4861
3664 4645
3304 2604
1712 3011
1128 1585
4631 4422
3272 3414
2270 2860
2876 3634
3878 2621
1667 1206
2681 3471
1980 3380
369 4081
3851 4002
2433 2935
2996 2019
484 3806
1334 567
2578 3744
3196 1605
3410 761
2520 854
100 227
2145 2123
110 1623
4863 3449
842 3605
4660 3420
214 2230
1573 914
4924 4848
3041 4842
3635 2290
1433 2117
2238 689
1617 3747
3427 2794
2086 1833
518 1280
4849 570
3359 1680
723 2435
1265 3420
4617 1595
2893 2301
4490 2219
3774 4076
3125 3915
1254 1650
529 1357
946 3503
1688 1925
601 4792
651 4577
2043 3652
3604 2174
2215 1906
1800 1468
3925 1091
4355 282
3397 2509
2217 2796
304 923
1066 52
2926 4095
1261 2400
4559 2809
3120 283
1766 613
3231 2853
2722 320
891 2063
1719 4835
2517 3234
558 2459
171 1552
936 655
1242 838
360 4428
702 4927
4681 1415
373 2132
3997 3505
1026 3819
737 4767
553 4278
2277 1386
4142 62
1664 4819
4707 2127
4035 940
3849 4941
3933 2428
3231 2311
927 137
3593 3212
1769 3826
2019 1291
1317 3685
2166 3303
2777 4119
217 3707
4955 2298
2348 4618
3289 4100
4841 4690
4526 382
4269 3610
4492 3097
3949 4265
4054 1792
3396 3737
1420 2826
2756 1157
333 3486
931 2590
2904 2885
4464 2612
604 3402
526 4411
1513 2269
1800 4708
3334 1136
2493 950
2237 4129
4879 2060
2387 2410
3718 1728
4548 3869
3787 3552
1535 4012
4433 3537
4813 936
174 2474
4136 384
4715 50
3778 4573
1872 2043
4059 2827
1684 1209
472 499
1603 1598
1408 4279
265 408
1280 1461
949 3614
2169 2335
810 4391
880 2194
4402 1387
4367 3830
1444 1302
667 309
984 4338
902 1048
2720 4403
1181 1142
4345 2097
2196 118
1458 1090
1496 2992
261 4791
2853 335
1451 864
3233 4537
1613 1921
4105 1898
3800 2095
2516 4965
1937 846
3125 2357
809 1941
1100 1811
1274 2781
358 4689
2283 3621
3220 3742
2377 1073
4802 323
4847 2292
3217 4894
2606 492
2831 412
3128 1589
1645 3613
474 3065
1129 354
1113 1622
1181 3378
2430 24
408 950
444 937
4228 3577
2057 4766
4295 1116
1668 3244
3622 3081
3894 2363
4551 2238
2332 3105
750 908
1444 1338
4842 4609
3653 1479
3288 2371
4724 4140
4153 3902
2973 1207
1512 3016
4774 3717
446 802
1914 2447
3689 4033
3861 4502
1642 1743
2035 1354
583 2700
2638 1017
329 3424
640 3702
1806 4365
3013 360
4001 1745
156 1757
3512 4394
2872 4087
3502 669
3842 557
1874 40
3298 1029
3777 1494
1654 1281
40 3883
953 1839
3716 4377
3607 181
4797 1130
4024 621
2960 4183
540 1845
116 3472
566 347
471 1277
4500 159
3618 4044
2637 1073
1762 3332
2164 4220
537 10
3461 243
1196 1010
2349 4196
1774 4016
1894 1242
4102 191
4227 423
3196 2826
2785 2513
4497 4689
1423 3532
807 806
1952 4305
4239 65
4494 3974
1634 3985
4641 2053
2330 2836
448 1489
2002 1728
3167 783
3331 1946
4041 602
3840 688
3024 1145
3788 3402
1476 2116
4011 742
1488 1477
4374 1541
1667 732
2643 3831
3077 870
4509 1406
4208 1966
655 3090
1258 4420
2151 896
4904 190
4049 2641
3260 2884
2152 2488
3706 2048
3548 3852
600 3886
1473 271
2196 4920
4325 462
3066 3605
188 2010
4798 227
431 2582
4759 2338
4898 4457
3917 1155
3341 1622
4037 4913
3998 4683
4794 855
1188 3560
4350 1139
439 1344
2849 2817
4422 1604
2472 4946
193 3134
2802 2798
4401 1499
4135 800
1508 1549
3051 2930
2685 1224
4378 4961
1028 4763
1371 1297
682 2337
1906 3388
704 281
1953 935
4360 642
406 3430
411 307
3667 369
3692 1794
2258 1614
1982 2596
1991 4106
3962 1853
1875 1834
3315 3471
1094 295
3926 3312
2077 1865
603 1871
1092 2715
4777 1080
1781 2600
4562 25
3330 3323
2578 2771
2175 2133
4150 1757
1452 4667
1570 2341
2602 2118
996 825
3179 1696
335 1965
3846 43
234 1877
643 756
1067 3774
4453 2616
1966 2520
982 3973
2314 3854
1039 3020
4213 4161
3168 2598
1359 570
1196 709
4805 2807
97 740
3543 1664
3071 3545
1364 3098
3702 122
1764 2467
1453 3110
4775 2295
4608 4326
1140 1819
3410 3788
668 4208
435 4506
624 610
780 3581
3312 4138
2577 3435
3093 896
3549 2468
2521 1533
2692 4502
158 2720
4917 867
2973 4824
3215 14
440 1329
1791 3419
377 34
2038 4463
3109 3351
271 4488
2915 1042
2906 3878
513 4967
3186 2987
601 1919
1062 46
3752 1286
4390 2142
2144 4313
4604 4669
1886 4402
2790 283
3038 743
553 701
2309 335
4840 494
3384 1246
3861 1396
2083 2603
62 2358
333 496
2748 2605
3730 3963
1824 2040
168 1475
4295 3316
830 940
2656 4987
3410 2478
4043 1149
2634 2154
3757 1973
4013 3448
2009 4478
2228 2117
1361 2845
4811 544
2709 1648
1028 2207
3810 1207
3829 3526
2135 2906
1304 3200
2813 4756
1853 1816
2133 2894
3243 3362
3166 2079
236 2846
4943 1307
122 4709
4978 3329
1660 239
233 2417
2494 2596
2117 837
4440 1417
3461 2320
2093 790
2092 4053
1558 141
470 4953
4744 2558
4388 2811
4780 1145
1278 4227
1390 1699
2913 4929
4640 3100
4561 3239
4728 4056
4849 3202
3911 2070
2400 2901
1195 3973
3430 3958
1319 4269
191 3805
4193 1229
3919 1714
3741 1017
2887 278
872 3990
4575 2613
4808 2545
4261 2675
3546 2868
3589 1117
1987 3907
4105 2385
2523 4831
4938 560
2759 3056
1760 90
2862 984
2358 4107
1047 4405
434 3429
2625 375
4012 4126
1586 4564
3388 3443
2908 968
1257 174
1781 4625
1983 436
2510 3866
2137 3793
2566 3557
3360 840
4008 1319
2714 1390
3458 1455
2838 1807
4383 2535
3215 1059
1696 3350
4791 2962
4830 4876
3182 2045
3699 120
1003 4183
3498 1167
186 836
796 4870
4735 1088
2333 3546
3170 507
30 1581
580 1004
3636 1732
513 12
760 1830
2341 2805
4473 4000
4868 4482
1519 3327
3853 2145
2585 1942
3886 3246
4801 1521
3886 4489
3454 2400
1015 1715
1491 704
4627 237
4318 4350
2177 898
1164 4438
3167 4246
1211 99
3690 246
1312 2616
4780 306
2777 3750
445 4825
3070 79
4837 2163
1044 4434
3713 3581
2561 712
1972 4489
4047 2431
1352 2476
1427 2108
957 484
1405 55
4433 945
2517 625
4056 1042
1836 2577
3942 3220
1385 847
2635 4391
4149 4089
1135 2450
1865 2229
630 1832
2958 4829
3589 746
2901 1745
2118 3879
632 1402
2056 3193
176 4267
211 4194
1737 685
4170 1087
3363 2867
1121 612
1571 1459
25 3512
3089 150
2946 571
4330 3289
4081 557
4233 4525
2387 4256
3146 2956
88 4688
3856 886
562 1530
3136 4299
4488 2699
3756 1145
4623 3266
1324 2920
2304 1969
2754 340
3448 3168
1733 2443
3196 2299
209 2592
2987 2830
2957 2495
3304 1437
2029 2634
688 1208
905 3691
3969 2335
1845 2731
4028 650
106 1578
1764 4101
2445 168
991 4554
4110 1507
3173 4679
2908 1826
1166 3281
2216 4610
2817 4993
2695 4326
4955 1622
1899 2021
788 355
276 103
712 3523
1595 1279
4604 1730
2648 735
456 510
2925 2585
892 1942
2778 2378
734 3450
3362 1780
2147 2451
4990 3356
987 4787
1656 336
1066 4896
2299 549
4844 4573
3689 369
1665 530
2845 1884
4978 2590
3322 2364
1179 3882
331 2601
449 3103
2517 1070
4989 4755
346 2546
2433 2952
2695 4270
27 2405
689 2327
384 649
731 2934
1731 645
4187 2726
3718 3201
197 3725
191 1370
1680 655
3935 1707
4480 2432
1376 89
795 3993
3965 4755
1753 109
838 3178
2125 1891
4547 1062
1281 2022
4921 1601
121 572
4627 4984
2126 828
2035 3590
767 132
2537 115
3803 1474
4819 486
3970 3529
1814 1303
4244 958
235 2520
2817 2739
2806 1516
347 267
1531 2936
4161 4239
1146 4737
1366 1257
453 4735
4369 1128
855 2185
4254 619
167 1289
2565 2953
2164 89
2569 576
3972 4046
108 2101
4424 179
4921 4884
4266 2497
954 4583
1042 3422
459 4948
3829 76
2094 242
48 4860
513 4645
211 618
4877 1107
3297 3307
1112 2845
830 2452
3638 3714
4690 2148
675 4280
470 4213
212 124
4804 2231
94 4188
2956 966
1383 580
2300 853
2012 4518
1848 2674
2035 2261
3979 76
2402 3995
844 2442
1415 1745
4916 1142
3033 3144
2126 4787
1711 4190
4480 3211
2944 1387
498 3763
3042 1212
285 1498
2399 255
4382 1664
2997 496
1234 1980
1485 2612
4844 2569
1511 172
2437 3882
1099 2356
3627 2003
3595 3308
2605 3642
895 4607
2062 1445
2945 4947
3232 2829
1234 2528
60 3412
4557 3092
3647 1460
4859 166
4910 4160
2598 3937
2845 1247
3194 2380
4004 3653
4072 3280
1044 2732
53 1497
129 1460
2026 3864
1400 2806
3366 1592
2466 1519
1873 3832
3057 3955
466 1017
1691 4624
644 1721
525 509
1852 3799
2466 1378
1950 872
1612 1617
2968 4288
4050 2870
4591 1013
531 1316
4017 593
361 128
4635 238
2329 1297
2700 1343
1547 1912
521 1476
885 4172
3826 4550
2325 129
1637 4356
2686 2826
1410 4174
3890 3053
2775 3712
161 175
932 561
2681 4463
3666 3564
351 15
3471 206
2173 2288
4397 1586
2588 1133
2317 458
2068 4867
2069 742
4202 4119
3594 857
1048 4392
1546 2482
1387 895
3304 4345
2465 2525
4853 4339
2034 3564
2837 2328
4210 2024
4505 2474
3091 2751
2507 2465
4823 4398
3855 773
3814 4646
4719 235
4869 352
935 2115
257 1917
1771 3217
162 625
2454 1291
1083 4560
2837 1475
2937 1777
1979 3302
874 4010
494 1099
1127 3076
1593 2232
205 3257
1435 554
3801 4940
4344 1139
2146 3072
1191 265
1396 3923
2484 188
3921 315
2495 2608
507 2210
4716 1964
2672 2895
2124 314
3924 3029
3789 568
1381 3495
4605 1878
4235 1012
236 1818
687 4424
3403 4232
3662 4819
2631 4998
1301 2838
4515 4734
2015 1763
3981 2861
4013 3780
231 3644
261 3000
1777 1037
303 297
4309 3233
2204 896
2675 151
535 2429
1158 1215
4096 1794
2879 1192
4463 528
3585 2519
4430 493
4405 1361
3682 204
790 4211
2899 1204
4191 4863
1490 3294
1539 4921
2843 4073
1325 4179
2371 472
1962 1895
11 4407
3276 3515
1206 4250
841 745
1591 1231
147 2103
4255 932
2297 1325
3166 244
261 2005
3255 1814
343 672
2001 4494
379 4606
2898 2169
2534 3142
3359 2227
7 4911
2586 1259
3867 1549
3052 121
1505 2929
1563 590
4160 578
3637 493
2589 1161
2165 4345
145 1028
4629 4960
699 4176
4845 1990
506 3644
731 1437
1550 2596
2916 4043
2231 4419
4698 1084
1070 949
2463 2337
539 1524
2688 2337
3838 297
277 1304
2354 4958
3088 3814
2142 2137
4196 4641
1030 4443
1128 2693
4754 1985
300 1482
4717 4499
363 4119
2033 2548
2602 1886
2042 2762
4408 543
1736 582
1207 2802
360 1013
2145 2712
3468 3704
3494 1753
170 1
3190 1035
3763 3304
1097 2153
3790 4285
751 306
956 1774
885 1252
725 779
4757 2120
2379 224
2362 880
4004 635
1210 1086
1270 2830
772 3583
974 1599
195 1512
1090 2207
3228 1023
1664 3624
3973 733
3926 251
7 2771
2860 2184
4870 2923
1926 3398
4406 4504
4575 2078
2096 4985
4434 2740
2853 1153
706 637
3370 251
2077 1391
101 1060
1469 2485
2782 4801
3167 2266
921 4547
1703 3705
4988 1584
4908 3018
724 1804
343 4791
1261 4928
2450 4855
354 1345
847 1939
2505 3924
4902 1752
1146 1089
3315 1492
2338 2989
3199 1916
603 3309
1958 2190
3294 2816
3146 730
2332 2836
3262 2270
4801 819
3172 2642
1610 735
4323 1609
873 1980
2804 690
2358 165
4300 317
2440 1322
1910 4266
2052 480
4242 1838
4845 1873
1833 2455
4661 2886
34 3667
3987 2571
1754 2764
1518 3362
2743 1942
849 482
158 4876
2447 3736
198 4824
3064 1366
21 346
4293 2180
2225 4738
4337 1789
3457 2849
2472 868
3277 1021
1964 638
1715 1156
998 4658
236 2588
2218 502
870 4183
4454 2483
3771 4924
1060 3004
3314 3228
141 3690
4956 2563
3873 4444
1642 4768
4317 3157
358 422
4284 2095
1639 4723
1993 4751
2376 9
4403 1424
2211 523
1906 709
1458 3955
145 4425
3174 1418
669 2217
4004 2639
3501 2261
77 3107
1467 2522
92 1380
1138 1251
2941 1873
2471 698
653 4093
2005 945
2053 3472
4356 2414
4450 4835
4754 4367
3818 3226
204 4665
1847 1878
1838 440
280 3732
1754 4194
2745 3528
2894 3500
2639 286
889 1482
1305 2082
3727 72
3332 2950
2379 1295
4853 3372
3420 2109
60 165
4635 2099
2951 82
444 3029
3836 1777
1267 333
564 3314
1793 4777
3348 3073
2263 783
2558 3567
1218 2590
1816 1541
3112 2974
4522 4960
2090 779
1781 2483
874 278
3763 2169
518 1853
3466 579
4886 2260
2245 609
4715 4867
4980 388
2632 905
779 1027
2998 3898
1105 3332
1410 4470
1761 646
4114 746
4462 2468
3552 1890
1643 413
3437 2047
4184 4977
746 989
2932 4871
3715 793
815 3349
4061 4921
2623 2063
4994 3868
3167 4452
1458 796
1322 3829
4716 3993
1414 72
1630 3784
3702 4972
4681 2059
1608 1853
3008 1699
4753 674
490 1195
4198 4581
4102 3991
124 1091
2775 1220
34 4229
2392 2826
4941 262
2065 280
1548 590
4555 271
3502 590
2137 3113
1953 2981
4623 2027
1284 2715
1375 4721
1839 444
4634 2273
601 3719
4316 755
1570 2959
443 1663
803 817
3433 4911
3842 4215
1104 4823
3818 4901
3869 282
1499 483
1800 1007
317 3578
115 3332
2747 3802
257 321
54 2370
2234 2280
471 3514
2332 4803
3538 4790
1267 4271
103 947
2236 72
1106 3424
2046 1414
4357 4677
1771 2366
3861 430
2326 67
4298 718
4900 3382
931 4590
1552 1684
2802 3661
3034 4439
4763 2756
2656 288
507 3986
1544 1115
1574 3494
4548 4899
3009 4083
559 4528
370 3329
4335 742
1701 2065
2443 864
2664 3577
1935 397
1921 3745
1854 226
311 949
4327 3200
294 804
2035 4975
110 3104
590 2979
2230 2031
2444 78
285 2449
1038 2254
2458 1915
3861 4640
1133 2116
2686 933
1790 1774
815 2676
1924 1255
417 3257
2536 2609
1582 69
3587 366
2333 669
2396 2816
4963 759
4959 2551
277 2042
2979 844
619 741
3667 3111
3287 3044
1967 564
734 302
1635 4611
2470 90
3137 3808
3009 43
3091 2976
1040 762
2251 1701
2212 1315
494 1819
2297 858
4198 3164
205 4360
2344 1817
2855 3632
4846 3899
1219 239
4621 2609
1133 3340
1369 1386
699 2171
623 4285
3152 432
2836 991
3774 4579
4980 2485
4221 4463
421 1923
1129 3151
2389 1916
2384 1307
2881 4298
133 4855
3041 4193
2766 3189
1568 4991
2829 3957
3472 4998
2517 1329
789 1190
3562 1382
4648 2973
574 3000
1015 1672
698 1165
2083 1134
274 4060
4130 250
3596 2911
3270 3962
2834 3135
3134 3543
294 4296
2068 404
4854 3949
583 2073
3208 3948
481 3522
3295 3853
948 3468
1702 2679
2312 624
100 4892
2248 2820
4289 2862
902 3333
1977 522
3836 2465
3319 4548
1061 4213
1059 4331
2290 4386
3135 4198
2681 4493
1190 3255
3020 4335
3494 3367
2022 3354
79 114
955 198
380 92
208 1610
4938 2700
4272 919
2615 2465
2617 4721
3901 1827
3279 2607
4791 979
127 4134
475 2444
630 33
3681 827
531 2948
299 4886
4571 920
1597 4146
2980 3217
2174 2567
2876 4031
4919 495
2050 346
3556 4101
4820 1025
2881 67
1451 3045
311 1511
2244 3361
896 2358
1913 381
3255 3841
248 3956
922 4263
4154 2698
3244 1867
910 3970
759 3015
2190 2390
375 3826
4947 3824
1437 4166
3965 4713
1194 3317
1925 321
2026 4413
2223 1750
3851 993
202 4776
4598 2147
650 1948
117 2886
2472 3336
1686 1865
1247 3975
1047 3057
594 4996
4442 2909
1965 2212
1027 4576
3802 647
520 914
1197 3272
2168 368
2785 3125
2655 358
4140 753
4401 690
4488 1768
2508 4739
484 1643
740 3322
3227 4501
2441 623
3427 3732
659 4239
369 1116
3081 2172
18 3513
1854 2070
3645 4179
3381 1689
2208 1247
2879 1423
24 4876
4059 2335
2077 4290
421 4998
445 3802
4769 3029
3311 890
42 106
1955 1168
4670 3196
4624 1697
2804 3978
1262 154
4394 859
1654 687
4208 4539
1135 2538
960 1740
2418 398
74 1771
2143 3100
1251 1077
3025 4350
1534 522
1184 586
1807 3689
1862 1098
3483 2820
253 4770
3259 1749
1262 1449
4451 4504
4316 67
1094 4739
2115 1870
2716 2876
1587 1331
503 4346
962 2664
4906 2142
1817 4052
1499 2515
1100 3946
299 332
1992 4946
1875 2933
1265 3260
2081 165
57 351
1131 2275
3224 4657
4843 318
4336 3935
4396 2641
1960 39
4564 2167
2676 3284
2314 2698
4850 3754
1530 4331
1760 1339
4855 2149
3341 1506
4673 2075
517 3941
999 4988
2017 904
2054 2723
2086 2320
3594 2164
2308 4733
2325 1107
2650 1507
542 2495
3145 4690
2867 3176
2134 4413
1146 4597
3387 1153
3284 705
4616 663
1651 3214
1750 4571
126 3722
3829 2701
4787 1042
4743 3424
4644 2788
1764 2913
4565 3785
4695 1042
2404 1307
3520 64
178 4099
2052 2290
2537 463
2410 4611
63 3682
4360 4738
4474 2492
4157 1191
2916 2635
2287 2377
2617 1042
105 430
4951 913
4661 2218
646 941
2464 3460
175 4713
894 125
1 2909
1251 3082
2002 2815
3765 1140
2387 4823
3262 3710
1720 3928
574 743
2518 4083
56 3489
2133 2917
724 2745
2200 2605
2805 2968
386 2423
691 4985
2884 4612
2396 4876
3725 1733
2566 2562
1865 982
3633 2146
956 3832
2755 2796
2489 2369
139 796
4262 2463
3706 3969
4619 139
1215 1766
547 1835
1434 2320
3033 2683
1091 2529
815 717
3116 1749
4475 614
3892 2659
3643 1491
3965 158
314 2435
1705 3717
515 2447
1416 3424
2326 2928
2197 1228
4721 559
2866 2696
1937 3083
4257 617
3809 1974
4213 4955
2497 3377
2728 4609
1587 4673
2486 1806
1722 1362
1170 3965
1628 2155
879 3230
2154 3666
3625 1467
4693 2594
2877 1802
1259 1778
1111 1379
338 2408
571 164
84 2238
1126 3859
2084 3611
1349 2372
4313 4541
2781 3148
1056 573
1102 93
3342 596
1202 4098
1574 1101
4106 4910
2304 818
931 4096
755 3084
4956 3874
1028 709
1740 546
1759 2696
34 1072
2558 676
1924 2681
3816 4149
2004 1908
2003 803
160 11
1965 2239
641 2948
3247 3331
1367 4552
4204 4761
514 3771
2064 3919
1755 774
2724 1017
5 2778
3873 1783
3510 4950
947 185
3259 2850
4425 849
2403 524
3489 3024
786 4195
209 1915
665 4499
852 2359
2372 2129
3497 3699
3420 4383
346 1821
1406 4177
2548 4887
3052 1073
1746 1219
3218 3288
3767 1677
4363 3998
4796 2936
2061 4285
646 1324
4371 1657
4659 1031
2642 1338
1343 1265
118 2716
2090 820
1365 382
2508 859
1660 3675
4300 1714
2217 3174
3366 2007
3072 2529
3323 616
3434 4504
493 1318
1395 3553
2307 4016
4884 1678
4025 3378
3064 3087
2603 118
3458 553
2860 3884
1047 4116
4954 295
2040 2580
1197 1104
1163 4181
4768 4935
3089 3493
4254 4431
715 3148
2569 3090
1873 3015
1303 1804
3540 4846
862 1516
477 2274
114 3153
2453 2491
1076 2513
3686 3929
4877 1543
3562 3522
851 622
659 1707
2147 4817
1906 2674
4176 3117
68 3100
882 4930
657 3314
1867 1509
1663 3249
2118 1706
1023 3170
3825 1384
2374 2535
1661 4213
1334 1623
2083 2635
526 3564
3489 4403
4608 3099
182 4194
674 4804
106 1145
1895 4779
1105 218
1006 2997
4665 3127
4195 3719
2618 1316
4765 3828
3982 544
608 3293
2233 97
755 2526
11 2894
1829 4127
1899 576
1348 584
1494 2155
4262 4800
2856 761
643 1696
3723 1545
10 3747
662 1414
1740 593
1143 2514
2574 2076
1092 4053
859 2179
3615 1609
4409 1965
3896 3984
3426 1320
1135 3511
1438 2675
2962 2652
2463 4640
1595 1631
4341 3294
1654 2709
1163 3502
4857 947
4562 252
1709 249
2332 1761
3077 4108
484 1559
4533 1992
764 2476
3596 3006
1095 1434
2212 2331
336 1710
762 1905
3123 4440
849 3162
1810 2810
2012 4441
1194 1605
1460 3588
888 2864
1814 2799
4326 4355
425 178
3130 1867
318 2279
4809 2846
3497 932
1816 1210
1111 3664
3427 232
1760 2659
2210 1663
831 4374
4928 1422
440 902
917 1666
3418 635
2503 2
2516 3278
2277 2966
2381 3514
1988 719
2422 3753
3134 491
2171 3746
4623 2992
1691 786
105 1091
251 3738
1587 3729
2538 1487
3797 2766
1120 3879
2719 2955
3936 186
3635 1062
504 2207
1569 1525
622 785
809 2562
877 2306
3910 3238
3433 3519
4153 3943
1079 531
2059 748
2665 1032
2887 2579
2792 4339
2207 3104
4907 4496
158 4865
583 1631
3622 3775
4055 3949
4507 3320
1038 2805
4624 763
3570 2064
2760 3723
996 1067
2831 4512
4525 4921
4691 410
948 4368
3797 4607
1141 4496
3476 2671
387 1137
3820 2487
1401 4324
3643 3243
3870 4789
4628 1863
2479 1255
784 4055
626 2737
457 253
4544 2696
1001 683
3274 4629
1459 361
2143 4864
1135 2898
2860 1157
2364 3643
2366 3222
1313 163
3532 41
2388 3265
3792 1156
63 3146
232 710
2088 1938
1240 1367
1753 709
2098 1866
919 1998
3440 4978
3734 4080
585 1596
588 4196
979 2812
2597 2570
521 1962
4736 4275
4397 3221
1119 2093
1950 3464
476 576
853 4869
4402 1850
1621 600
1811 422
1050 3910
2249 2643
251 4509
2662 905
1226 492
4023 1302
2740 1727
798 1859
2740 836
919 4881
325 2794
670 2608
648 763
2319 4424
1218 3662
1061 2505
314 4890
175 4057
2026 1424
48 3732
1419 2825
1335 2321
1038 3824
303 26
528 2616
3951 76
2309 3801
1084 4280
4449 4607
853 2800
2138 2196
1199 1086
4298 848
1922 522
4645 3254
2580 3603
358 3296
4493 1705
366 3285
1347 1520
2719 3034
615 1366
2261 2135
735 4504
1567 3356
4573 4234
1341 123
4816 1047
394 3871
1649 2752
2556 382
2921 1256
3401 2859
2673 119
317 1223
1554 52
3065 1793
527 329
1414 1219
3167 2002
107 887
1727 1102
4354 210
2872 3234
3713 2976
4964 2114
4312 2576
4335 2857
3631 1089
963 1650
1194 3757
1917 3608
1343 525
2519 3123
3407 3325
829 1460
1964 778
3083 3668
4650 769
1390 2232
928 4641
1691 631
3641 1844
150 1614
686 26
4740 2204
4638 855
4026 1138
1121 4486
2407 4333
4289 4038
3463 4072
3987 764
2554 1243
2572 2889
4764 4128
4735 1741
334 4912
1142 1275
3758 1169
2999 3639
290 571
2465 798
1770 867
3686 4701
4687 359
2516 3949
1415 4228
2887 1045
1570 2100
1409 968
1913 1516
549 4609
1382 1149
360 36
2455 2736
4489 2823
3119 1200
3362 4105
2406 1987
4655 281
839 2721
647 4730
91 592
3097 982
4709 3559
3553 3257
2893 186
3650 2207
2305 1190
1174 4536
3065 2429
100 2634
177 4819
3962 3448
1021 2426
2900 1107
1023 827
4187 1366
501 3870
72 1326
1833 828
3803 3009
2825 203
1504 1494
1488 2002
4177 566
780 3934
1338 593
938 3348
0 3204
534 4383
2780 145
2384 4204
511 4384
2019 4661
3061 829
3720 2003
2135 1794
2427 903
3668 822
2068 674
4065 3926
3088 1372
2425 3379
3016 3290
157 2132
1699 1028
2983 1133
1280 4734
2172 4856
783 3372
2336 1868
2593 4763
2630 4491
2484 4286
4657 2704
3627 3879
173 960
845 902
4145 1832
1013 1271
4449 1232
331 4263
2686 1431
521 4415
3593 2703
4600 4148
3656 4282
3195 4678
4544 2060
2148 4927
1076 4883
2199 3943
2549 1861
508 4654
3307 2025
1512 1801
834 3121
1150 265
2625 3093
2129 2600
3839 84
3574 2101
2110 2071
3416 2434
1772 2702
2868 2836
24 3727
798 2778
2578 1828
827 3490
2207 3653
4777 3977
4683 3189
636 1177
3487 105
2346 4296
4917 775
105 3847
3273 1163
895 3304
619 1232
4458 2291
1851 837
1122 186
4052 2141
3924 2011
236 3876
288 2551
3234 4607
3637 2881
825 3379
1091 4097
172 1328
3265 2505
3746 2183
2488 3215
2029 3010
4568 1309
3469 4204
1849 1085
938 2393
4749 4089
3970 1782
1741 4090
3368 2156
601 3295
142 3521
803 4481
1428 3840
3886 2165
3921 2682
1499 3217
4353 1173
908 4410
2279 3748
877 2749
1845 2719
552 2332
4315 620
2048 820
2140 630
2040 3005
1271 2533
2068 281
1308 3718
3936 3953
2445 1605
4912 1172
583 4936
4560 1545
2241 1854
2549 4800
2253 3799
2483 316
3196 1101
569 83
1247 3132
4066 169
1763 4878
2989 1449
917 2451
2679 1662
1758 895
4463 3369
3352 1291
1667 3012
2802 2296
425 286
2817 4626
3456 3120
800 2562
1416 1576
4256 1078
623 3379
2963 1949
2582 3057
462 1533
2747 1659
4789 1120
1104 680
2700 3847
3436 4001
2203 1317
2281 1841
3833 271
3054 2329
3333 4570
1845 115
448 1965
3487 2733
2775 1529
2383 296
328 4078
1837 746
1026 2544
4468 4633
1074 683
4981 4513
2475 4314
4573 1680
3006 814
2621 495
795 853
3864 635
2671 528
2267 2598
4590 4402
4304 3480
2770 438
3243 2225
3212 2360
1169 804
2795 4263
941 516
1139 3617
3509 442
4912 183
4100 4442
3675 4299
3698 2658
4484 3120
4401 541
57 2208
545 271
221 2580
3094 3674
116 2455
1504 3192
126 4291
3788 3946
1739 3481
3977 3352
4302 83
573 4730
4021 3029
1249 1894
3551 3867
699 3403
151 1820
1986 3454
4216 1944
3119 3635
4298 3341
522 3150
4436 4320
2130 3778
2146 90
617 754
2801 529
2415 2886
2136 1554
1175 3104
481 211
4263 1760
1337 1501
3723 3701
2004 4890
2340 4389
1573 1299
1949 2150
1732 677
1871 2189
2416 2093
1214 880
2208 2618
2835 1943
1581 1314
1810 3936
4986 136
1567 4924
3334 1980
2301 1803
2169 1714
3151 4719
1013 3464
1499 1784
3735 771
1747 3395
2470 4529
3838 1545
3964 4685
2871 4205
243 678
3476 4926
1953 2704
1377 3710
2423 375
3478 2602
1238 2097
3543 2147
3251 4436
1330 996
1269 2553
1630 4276
2180 2135
2474 3454
1917 4450
1932 2408
3731 2709
2403 1194
911 2525
1367 4903
3139 1272
4999 2664
380 1263
3803 3463
2175 2976
2820 3849
2029 4519
3153 2056
745 1037
323 200
1250 4641
2258 1328
1444 2399
2345 747
3796 1982
968 1792
1043 1183
3289 2070
4866 4442
4821 892
4928 307
3792 2296
4424 3477
1850 3855
2854 365
4799 2189
3395 1299
617 4476
1575 3900
733 4482
4415 4540
2980 1935
487 3010
1754 2092
681 3484
3084 1466
215 1277
1286 2873
965 4548
554 1600
1987 2871
2536 2717
1121 1007
2682 4102
36 3829
1983 2343
3984 4742
803 1092
1310 4891
252 3586
681 244
144 2649
4995 3735
4325 4
1573 3395
2698 420
2111 1001
4380 738
1836 4197
4187 1188
4834 194
4191 466
1664 4372
669 1529
4913 3586
86 2527
2361 2659
3689 3944
2253 4151
2847 1001
807 3994
2312 2483
4290 1901
2629 4250
891 3542
3702 455
3929 3465
4669 4571
183 4598
1106 2012
3183 1085
2311 2245
2857 4208
3167 825
3228 3696
2075 4992
1172 3634
2958 3157
4541 1874
1026 2447
511 3329
2625 3127
2379 508
481 2729
2980 1061
4546 2279
1801 774
3897 4490
2250 1683
4162 2498
721 463
4841 4528
1508 2378
4866 4314
2672 1385
3067 3567
4792 2854
190 4699
189 650
1835 3669
368 1016
2949 4104
239 3500
1563 2295
1956 188
90 212
252 14
2034 1210
3598 4138
2798 1561
2282 3897
3160 4274
3541 2494
1228 1101
3930 147
1459 703
2834 2264
3875 4695
3456 1504
3477 2651
4102 2604
4432 2879
4436 3764
452 2830
1099 603
4345 2011
2996 962
3232 3050
2902 936
1171 2531
1192 1648
761 31
2203 379
484 3302
2972 1721
1487 1600
2153 2890
4034 1450
842 1129
3880 1764
2306 1235
467 4280
2693 2133
3358 4030
1964 4644
2746 694
3359 3032
365 2437
3779 2020
1537 139
3028 783
4961 3068
284 550
809 1151
1365 150
2014 4971
3460 4885
4956 184
278 3352
1127 3701
3919 1162
4283 1030
4536 804
112 2128
1433 2152
320 4160
4960 4482
1411 1104
4008 633
1734 4868
622 1866
4839 605
4904 4870
1667 3579
3447 3029
44 3672
2670 811
2477 4946
387 1698
1288 130
4749 753
4027 3587
55 539
869 2644
1781 2034
2687 298
324 941
2713 3096
2159 1128
58 4288
383 964
3365 671
3458 526
3552 3124
367 1612
4935 353
185 4414
4376 2613
1162 3601
2048 4208
1698 1425
4078 3337
2136 3968
4054 3069
384 1370
2417 873
3598 1652
3026 1546
1698 3948
2636 4978
1653 2834
235 1830
3834 2503
4225 4165
4920 780
2874 2436
3728 487
1913 1920
4282 2234
2652 2964
1612 3853
3862 3396
557 1517
179 2728
2447 4636
1617 893
2980 650
3894 944
1971 2164
3724 445
690 581
492 4623
782 3051
2266 4417
3241 1723
4285 876
819 2911
114 3426
3588 1679
729 1306
3169 2854
4056 3293
4109 1742
1294 1969
4970 4926
3627 1851
2160 1203
3495 2115
2108 2421
112 1234
2053 4812
4479 2255
4852 1194
4725 731
4434 2419
3722 4489
3735 482
271 34
3055 1950
2037 1527
3919 4021
285 3592
3505 7
2457 2446
2668 750
4954 1516
1480 4108
2444 2131
200 3590
1311 2118
2472 944
728 1835
889 2713
3951 1011
1627 4576
4938 1363
3475 2063
2882 3540
2693 4047
1636 4969
1524 733
4130 2607
3839 3075
1067 1729
3526 2138
1857 364
4262 4158
4225 2488
3784 4210
1617 2089
2121 2086
3029 3341
1773 1678
666 1607
950 77
2270 1923
684 610
575 1659
2477 946
756 3553
3367 3350
1177 4750
690 3126
3679 1786
1748 4557
387 637
3928 4407
790 4445
1055 4337
3485 1441
3289 4008
2049 670
3493 4701
3361 1255
3991 40
2831 3531
3434 2586
3617 522
903 3607
537 4111
444 43
2447 525
3624 2324
1916 1779
3198 1521
4019 2657
753 913
644 920
1239 2335
552 1021
1008 677
3364 2710
2080 2983
2959 2200
67 3289
4926 4505
1249 1339
3347 3825
4883 2388
4322 4798
261 789
548 1912
4867 1095
4174 2506
2617 2223
4116 3779
2174 2337
4875 1724
1761 1524
1981 2506
4375 4020
1192 358
4643 1357
3169 4651
1863 2007
2365 311
3937 245
4184 1830
1490 3482
209 3148
2659 4782
3318 4394
2697 3661
3564 4091
644 2969
4594 1734
3274 113
126 4182
4049 4626
3128 313
1980 3821
4622 1318
565 4073
1103 3235
4196 4467
2764 150
4879 4811
3556 3162
507 752
2615 684
3769 2622
4773 2310
2773 2271
2272 1379
1995 145
2271 2396
1979 1863
1653 2099
1119 4234
3081 1759
889 2369
3375 1471
4123 4886
2527 2418
2321 3339
2196 262
817 1868
2096 2000
2135 3663
1854 4164
3418 4066
4712 3988
1323 396
2698 2590
1751 999
2495 1233
2195 4668
4490 4657
415 895
759 468
3654 4148
1156 1707
3876 2634
1738 4005
3881 1616
4544 3176
3430 4782
162 3609
1037 1772
3982 2846
3254 2952
4551 4763
2527 3540
2773 2370
3420 1503
2149 4886
3271 4533
2557 713
4674 2393
3403 3028
2090 3154
766 3640
1782 3995
1165 4587
401 1880
2639 3045
3292 4222
1755 1419
2863 3090
4104 2931
2441 4221
2887 1449
967 3310
912 4170
113 1928
699 279
3563 1693
2393 900
2331 4492
865 1217
1950 2463
1094 2945
2472 2248
513 1778
1899 4349
3580 1476
4727 4337
303 2973
2556 1221
3254 780
3972 335
2298 700
4428 3114
2207 420
1876 1830
2470 3765
2549 2729
2684 731
507 14
1763 151
4891 277
3279 1028
3862 452
1252 2706
4878 2636
1990 2135
4665 2254
4168 740
1300 224
3281 551
1858 2651
2020 4533
1781 1047
4960 1403
2284 4353
2039 4588
350 763
3426 4733
3605 4477
957 3703
3566 2691
4815 2181
785 3406
3413 2815
2356 2760
1832 4230
3356 4138
3923 4026
3023 480
4689 2848
4564 4336
1247 2407
44 390
1766 853
125 3868
244 2221
4740 144
2571 4981
563 4518
2202 845
3491 4616
1594 2282
2628 1251
2652 4251
3442 1020
89 3075
2050 115
1586 1897
70 2903
2489 2773
4229 1625
0 3252
3311 685
3617 2486
1871 167
3301 2485
4930 4386
2216 649
2263 3335
509 1490
695 4052
1359 213
1319 691
856 2314
1476 1204
4005 3461
4134 4597
3945 1060
2984 4697
4992 4001
2223 471
4543 4665
4616 2589
331 4859
3335 1437
2631 2453
1230 3959
2915 1972
819 4534
4689 2722
2405 1199
632 4309
4928 4639
1399 877
2950 2261
186 1182
1536 1096
4361 2511
4822 4442
1786 1098
484 3221
291 893
2518 3749
84 4488
1941 1735
2085 2617
1490 1879
1980 3524
4106 4688
2282 2207
3962 4848
2438 1341
4909 3250
1785 2656
1076 1552
1108 132
1829 4664
1519 2066
3056 1126
716 715
181 691
1572 766
2850 3005
3568 4972
4340 3223
1042 521
4492 1394
900 3605
1540 1987
3145 1004
1625 2991
2579 1155
1291 4517
485 1660
2363 3491
3570 1491
1749 2044
2814 4674
2702 2960
132 4331
175 2036
1031 2796
107 2227
2244 527
805 2373
903 4426
4582 1992
1926 173
1806 2076
1420 2402
984 4635
2159 2778
4187 817
2771 581
4981 2056
623 3474
795 3463
2897 4208
1327 140
3518 1475
4489 2784
2053 764
3010 3714
1325 546
4340 486
4155 758
2718 815
3673 654
215 4274
4539 1231
2416 838
3211 552
3327 921
120 2509
233 2084
2595 1473
712 442
4722 2664
1534 781
4400 1828
1112 666
4124 1926
158 214
57 1320
4426 3528
3510 336
1527 704
279 2679
1236 2833
2316 3114
2697 2476
2185 2897
1073 2581
4870 439
801 4441
2295 4850
2904 4080
1286 4843
4687 176
1399 559
2123 4698
2909 879
1553 3289
2891 3245
3161 1472
3630 713
78 1586
3057 2707
1277 2512
753 4209
4180 3407
1530 3867
3445 1041
4505 4949
410 4973
307 4813
4947 521
4326 4582
1063 2150
1863 4067
687 4652
1572 1496
2529 456
4659 4054
4435 1324
3995 4526
4902 1086
3913 488
1102 4099
4941 3652
759 1342
3070 2872
1946 1507
1651 1899
4112 2241
3924 4313
1198 2967
3720 2624
3457 982
120 4139
532 1184
1820 1749
1152 2279
4932 3673
1652 193
4354 4399
4653 2410
2958 3649
2343 946
4906 4255
1317 977
3320 503
3325 3625
3248 529
63 3059
4550 3050
264 4804
980 4440
4906 4249
1523 3038
2742 728
2336 1071
2037 1001
1925 3408
2235 973
1413 113
1013 470
2980 2045
2036 3840
1166 2611
2803 2439
2815 3763
662 3208
4899 2661
1931 2884
2607 2782
2197 1498
1311 2356
4414 1868
1673 1301
2893 1501
1858 3907
865 3689
2281 698
2477 1374
1849 5
3692 106
154 1606
3934 733
993 2445
3484 4840
3550 2226
4712 534
4303 2374
1009 1690
2588 1599
4694 753
1459 1035
1792 4369
2581 1112
4429 66
1432 3120
2467 3436
4862 2026
1929 2258
582 1863
148 4862
1170 811
161 1948
4401 4517
373 4075
1501 3160
3725 3033
1567 1706
2971 4870
1689 285
2319 2069
2725 1101
3191 38
613 2825
1671 3208
2282 2189
2460 2925
2033 863
285 3165
291 912
3779 2328
2764 494
2411 2654
4134 1024
4602 2249
1630 338
745 78
295 1289
2648 1144
830 4689
1519 2317
846 3965
3051 933
3621 4294
4238 4920
3494 2425
1827 1679
3872 466
584 2775
640 2205
676 489
875 742
643 2333
2614 303
4184 448
3153 659
3314 1635
2784 3704
2274 4951
3164 906
1348 2957
1131 1958
604 987
2075 60
3787 2100
1469 2825
3978 2734
2647 3859
4198 3155
2682 1798
2165 3576
1670 3894
2464 1522
1282 1654
4273 737
1576 2849
46 4637
384 2312
4455 4873
3300 3611
1133 2109
3765 3571
2243 129
3316 2167
4394 1870
4635 4325
4215 311
1917 444
88 2880
1282 103
4215 982
1752 165
1173 95
1271 1631
2051 1587
3227 577
4677 363
808 2796
304 4137
4537 2731
4926 4424
4905 4013
1215 2366
1950 939
4178 4391
3866 4539
1060 2531
3036 244
3512 2243
4942 722
2553 1304
1216 1068
1116 4965
1478 892
3481 4758
1110 3271
1362 1769
524 190
1141 3915
201 3900
2367 1350
177 1953
1490 4698
3988 3366
2184 610
2079 2434
3376 1665
3612 4245
4017 100
1951 3683
885 617
4819 1627
1680 3168
4124 920
4152 529
2622 2967
4695 1294
1958 306
4278 954
4615 1629
253 1963
3961 3352
1265 1700
437 460
4893 494
4003 1801
4884 4496
2199 2454
725 3965
3402 3539
4737 237
3845 4132
3609 3374
1019 4599
923 3932
1911 552
4886 4686
2468 1026
3451 139
932 4113
2128 885
2243 1845
3871 4414
165 3834
4060 48
1652 4118
3407 233
3254 1275
3430 1750
4767 797
3943 3727
4316 3006
1196 2172
2312 4513
423 2638
4089 795
3745 393
4645 1384
2262 2544
3682 3429
811 82
3 1930
1163 1868
1146 91
1421 1663
3442 3607
2418 2363
4484 1448
1166 3892
1037 2140
1997 2315
2045 2379
2944 2609
3715 26
1032 2992
3095 4024
3050 3810
2416 1055
564 3958
4799 237
1183 3895
2884 1468
917 3256
3752 1758
1957 2630
1787 2669
2940 3148
2222 1929
4798 509
323 2811
3878 1253
1268 1291
258 2056
682 3773
4659 4480
711 4881
4259 2545
1765 2091
2800 2287
976 1632
2064 3410
2 1898
117 2113
2958 2093
1787 2077
3711 4587
3287 3591
2513 3253
1555 653
2192 1100
823 3873
4592 3383
1834 2250
1053 4157
2450 2263
924 1653
3464 3409
2258 4364
3111 2576
4035 639
1566 841
2645 634
540 4359
2055 288
164 3744
2172 1091
1385 3433
836 2455
2500 3196
2852 2850
2508 2920
349 295
2236 2042
2427 571
299 4835
4991 455
3128 4178
4263 503
2405 3140
3172 658
22 1553
1445 2236
3001 225
818 1160
1720 4414
2099 4322
4405 3155
217 2844
1333 4805
517 295
3849 1650
4041 1780
3409 2240
764 3019
4977 3678
4522 516
1936 4849
362 61
582 2168
129 915
2367 4944
1024 3996
598 1559
2410 245
2187 4971
3297 4279
1415 2171
1385 511
1752 3489
484 4670
4304 4414
1743 2830
3587 2174
3181 3295
65 2414
811 3792
4720 2675
2996 1034
4566 3652
4094 1329
2029 4659
1437 2540
4448 2480
902 4360
1605 1935
3519 4520
3532 2947
229 1224
3367 3691
1453 2705
1177 3275
4119 4215
3700 2734
1448 3330
278 4651
583 3978
3804 998
2906 3294
418 3888
3994 1695
4361 4897
3869 2064
754 1573
3514 3905
1003 4565
98 2261
3599 1224
2757 1728
1634 2401
2106 2517
1030 1163
1940 4494
95 2730
4041 4029
590 3564
204 3236
3284 3008
598 1072
1165 1749
2656 4739
1399 3278
4100 2433
4643 196
1413 459
2723 661
2372 4499
2837 2260
4676 1535
895 3073
1241 3737
3947 1675
1060 4822
4045 210
2834 4046
2675 2394
4622 4940
1868 3853
3507 2966
3804 520
3991 2959
4111 3113
1405 611
1043 1175
4521 1107
2531 1858
3737 1842
1570 2013
2306 4646
1957 458
305 2227
1988 3820
1132 3077
1594 1394
4503 1804
2138 2755
307 1365
2045 3133
1732 1999
1481 3067
882 2107
2580 4462
1363 343
1722 834
1670 4324
4739 2085
3339 3359
1833 1036
2586 2837
4936 4318
569 1163
4494 1085
2697 165
717 178
3715 3005
1007 560
2919 3550
4418 4572
1782 1673
300 787
2793 1752
4752 133
2328 1154
961 3744
1368 3566
3127 1048
783 1459
3440 4926
2178 4503
657 4247
545 4478
2501 4902
1240 1806
2132 884
490 2536
2616 2519
4065 3250
3996 1793
1033 1363
4150 3043
4078 1422
2574 3857
2594 2915
871 2319
1212 4106
334 884
1014 1538
2633 2574
669 3361
4451 3711
814 2836
1077 2534
327 257
2414 4265
508 171
4429 258
3228 454
1558 2791
211 3956
4172 3767
2016 4360
631 3945
1746 4736
4102 3679
4710 2056
1974 3372
4452 2285
1347 4801
100 1567
1286 294
179 802
3625 2575
1618 4830
767 1748
3976 1742
4519 4470
487 2463
1530 599
4429 1666
90 1322
3852 2387
2710 4035
2627 1026
2347 215
4422 3322
4838 3703
1764 2448
2351 177
2424 1606
528 1864
2603 4937
4111 3253
1735 1272
959 3557
1351 3654
342 4997
565 1202
4842 4876
2699 3476
4021 1600
3015 2323
4163 1092
889 3037
3946 4640
1342 1886
4113 889
1562 941
3404 1939
90 995
951 1076
400 229
89 594
1002 4932
3427 3920
2093 2788
2872 3709
4277 2185
536 2910
2169 4769
1072 5
517 733
3900 1585
2463 4193
1647 3208
1326 1959
1482 259
1760 727
3891 2001
2764 667
928 4198
3831 1383
893 453
1898 2182
4330 2380
4659 811
1881 1167
3539 4493
1902 560
4745 4031
3576 2741
973 1846
4399 3218
4519 452
4030 4497
969 613
1682 2591
3234 4352
1100 976
2173 3936
3868 3270
4177 836
3318 1558
986 700
314 4428
680 133
1022 4841
2702 3990
1191 3145
2294 140
1576 290
1114 1563
2969 3753
4526 4358
300 3047
2221 1960
2108 428
2138 3252
3351 2699
4880 939
3198 887
4835 4844
770 3508
2705 1312
3521 1009
1531 870
1393 1284
1752 428
1172 3422
1460 2264
1325 1897
4540 3118
1114 1479
3326 203
