1000 6000
258 846
830 240
525 546
38 204
607 145
190 932
339 202
99 269
240 378
393 571
588 347
792 297
180 44
323 962
738 427
490 135
231 472
251 681
793 668
389 106
478 467
37 335
849 437
365 41
964 595
497 61
119 920
547 24
920 958
258 278
212 355
999 381
557 203
856 158
437 224
848 620
97 182
782 256
113 980
165 75
687 465
469 245
374 971
679 503
85 718
831 140
524 818
221 293
70 502
604 749
872 996
23 881
553 989
920 933
514 942
587 923
176 875
67 341
592 363
555 429
82 292
184 234
801 625
157 830
474 217
751 807
235 698
738 379
806 429
11 271
158 364
8 24
840 793
348 835
342 353
688 83
960 33
830 986
428 47
720 378
112 668
457 419
453 201
265 952
991 360
751 445
474 212
714 404
495 964
201 184
447 964
876 401
639 764
114 90
348 748
572 671
273 24
642 179
15 841
92 97
581 413
900 137
442 741
828 211
416 812
220 76
296 903
214 693
210 443
994 321
826 262
581 764
594 109
129 347
156 125
527 533
514 761
64 400
449 300
704 902
547 415
68 33
644 997
422 37
360 444
822 589
811 895
371 145
969 578
562 142
143 774
118 742
321 470
785 82
902 464
394 950
281 424
352 108
65 674
406 555
939 767
79 232
70 129
315 502
951 82
571 347
654 362
586 307
41 384
540 576
416 275
43 346
601 777
992 964
149 351
951 855
850 282
38 931
362 182
799 715
92 461
739 240
42 330
266 641
299 662
113 490
897 587
435 626
861 144
699 33
706 28
480 322
135 134
226 989
361 852
308 208
777 986
603 799
569 238
670 866
13 434
775 894
856 914
297 102
244 166
905 68
526 57
826 650
129 435
964 406
258 60
740 486
220 435
26 392
253 766
719 485
472 330
358 718
93 350
693 935
230 987
603 820
83 910
228 82
536 569
59 647
925 614
399 828
6 318
897 617
556 714
205 778
29 183
951 657
855 647
168 828
203 790
809 969
831 482
799 935
124 887
648 799
450 674
461 826
480 188
824 468
160 233
327 802
634 633
202 496
72 375
66 262
843 657
26 588
908 719
827 307
261 247
354 414
905 519
813 921
656 261
510 632
192 596
694 692
305 752
478 786
655 524
978 564
894 10
855 211
433 451
471 605
379 239
826 740
42 551
143 24
80 560
380 726
764 963
554 664
657 652
708 935
965 904
65 70
236 706
80 537
742 399
836 318
46 960
504 650
61 56
388 199
895 311
649 293
900 846
794 943
905 412
75 583
344 745
430 964
45 337
348 955
387 634
361 940
591 706
315 247
450 371
820 215
845 8
558 37
912 109
710 832
331 81
788 763
585 327
50 975
866 534
723 787
832 350
431 817
244 348
748 28
305 24
886 455
505 116
602 126
256 271
7 947
46 515
847 970
928 588
77 606
305 899
670 744
61 321
69 837
534 656
314 951
11 126
907 383
285 371
606 889
372 438
29 680
762 234
739 860
830 351
302 441
803 230
301 771
506 749
172 430
590 204
246 138
630 679
378 935
656 709
345 349
684 600
759 504
559 566
512 250
497 23
389 609
401 136
359 970
279 184
579 342
138 537
639 405
675 497
436 664
226 337
156 923
760 102
590 202
509 806
471 187
514 901
179 317
969 193
541 608
476 994
235 93
972 703
774 190
411 589
857 665
131 969
399 258
224 639
321 567
124 219
944 343
522 97
920 549
981 713
334 410
641 741
260 817
714 717
259 703
12 11
824 579
643 283
689 394
77 333
857 6
212 110
50 623
304 683
963 602
972 743
19 266
71 567
181 660
358 869
957 776
176 474
161 124
331 696
971 67
837 350
814 935
877 980
398 554
627 10
605 315
541 837
364 991
972 202
631 310
423 413
756 399
742 44
101 31
129 127
372 174
937 283
911 850
359 840
388 128
709 88
782 376
194 49
696 329
770 796
417 69
100 110
569 566
302 671
284 105
38 2
117 74
562 308
44 24
731 969
443 34
517 43
533 714
730 636
600 489
639 854
524 715
343 224
564 124
895 660
453 236
659 711
917 519
575 489
214 344
359 78
779 351
930 356
378 872
245 893
683 534
669 695
272 407
471 987
237 154
547 667
297 87
422 919
277 958
591 706
133 170
517 688
101 855
582 395
638 170
507 854
345 296
930 833
692 314
868 366
34 127
961 236
143 866
824 258
957 534
140 798
848 479
3 751
137 18
16 111
881 704
812 749
708 464
712 594
920 683
286 371
966 747
825 30
960 862
498 96
508 551
733 886
120 22
219 259
942 937
528 882
10 187
288 84
218 724
750 963
269 2
309 208
599 342
507 66
356 906
371 841
738 241
97 746
277 631
163 171
293 707
94 362
570 106
199 633
347 855
996 508
155 679
586 590
685 937
359 481
114 142
202 564
249 533
410 274
894 147
901 953
989 817
211 168
48 726
569 605
288 398
618 917
473 59
595 965
842 483
949 297
123 258
121 915
894 514
63 718
347 25
96 803
623 450
749 732
573 157
327 479
561 291
0 998
920 637
953 284
635 397
62 122
214 255
319 204
324 969
432 445
725 497
12 658
811 182
101 837
377 57
231 241
941 629
206 214
671 381
36 237
962 485
392 222
92 909
52 319
673 609
573 481
988 803
977 958
192 821
875 693
635 858
802 841
460 973
284 78
7 876
125 246
207 254
924 675
636 378
480 46
405 306
758 128
271 336
919 110
430 568
592 322
396 838
1 504
712 809
266 294
616 481
26 240
546 597
787 219
831 528
523 512
705 396
476 651
815 959
62 564
678 318
522 405
883 287
546 654
6 787
96 614
593 636
453 883
410 412
91 708
836 838
237 740
549 608
661 897
803 385
534 198
184 895
619 438
192 109
295 755
753 483
471 446
675 22
413 575
791 218
934 350
220 333
742 563
472 365
2 532
292 101
991 701
379 820
353 573
597 446
631 470
311 168
997 549
5 470
209 987
402 231
90 707
191 347
758 781
731 787
100 410
978 675
457 193
792 236
574 82
472 292
841 736
832 42
571 340
599 284
819 224
515 363
553 225
828 994
69 698
605 155
537 740
964 219
788 298
207 287
649 356
137 183
743 458
797 465
234 283
883 617
746 198
425 919
530 242
388 466
60 353
703 444
115 546
298 158
905 679
663 742
162 604
553 197
520 42
638 30
240 266
223 164
326 789
453 667
213 676
302 497
713 756
120 22
80 276
829 691
94 202
456 831
608 226
784 960
188 168
346 184
599 529
323 165
31 845
406 533
706 800
571 137
309 953
209 490
898 962
421 866
940 465
979 717
237 438
605 943
595 950
938 839
998 895
64 172
861 486
885 143
97 309
674 746
265 193
114 839
248 291
969 508
164 341
808 717
744 575
896 395
421 770
917 371
340 382
734 50
184 799
817 280
458 717
196 690
292 228
770 757
257 768
618 752
548 901
614 81
41 863
483 874
946 286
116 781
747 284
492 974
200 913
315 193
309 422
129 723
469 313
369 93
39 553
80 46
174 259
558 520
256 644
755 719
514 352
854 533
554 322
906 129
709 620
819 520
850 945
872 837
174 442
592 926
385 390
778 615
25 493
823 139
430 847
587 111
69 560
476 249
777 335
722 81
807 288
24 600
265 926
697 334
918 109
983 192
71 679
8 530
381 189
618 736
657 288
721 780
388 544
118 483
184 749
554 872
958 716
419 926
722 357
54 368
740 11
502 59
321 171
707 871
353 897
943 809
642 671
541 229
845 903
171 18
223 106
658 158
691 978
747 228
69 350
28 330
818 652
203 856
575 972
451 334
655 673
285 246
609 283
72 42
113 436
820 727
558 840
699 602
900 880
777 89
603 136
118 229
391 199
401 838
257 304
759 856
598 79
460 397
999 301
746 116
769 520
736 248
605 501
516 716
547 199
300 93
138 836
922 848
531 398
430 726
703 280
256 452
790 409
238 776
930 254
170 890
147 195
152 847
924 993
286 788
190 751
133 217
636 386
520 283
910 655
883 94
2 363
741 219
975 697
480 823
508 19
57 580
721 540
555 484
596 574
665 419
687 552
884 364
575 914
561 406
32 187
375 289
920 371
887 28
426 709
541 672
283 903
526 19
794 605
226 46
611 154
876 519
29 121
648 134
581 596
869 938
466 642
850 276
978 542
542 295
317 486
258 621
25 793
874 278
965 708
933 117
715 999
88 779
271 251
81 288
565 495
443 374
146 708
206 953
609 165
425 516
585 35
570 430
949 160
36 45
740 371
3 441
562 723
876 500
303 167
329 49
814 564
155 523
841 809
896 911
995 184
432 500
70 102
131 481
22 133
53 16
382 383
20 691
98 63
689 460
844 898
93 265
674 108
519 271
616 568
403 438
770 895
332 62
141 701
157 160
358 728
445 200
59 275
825 234
409 642
615 818
982 911
568 784
864 780
452 748
437 418
461 215
12 482
301 634
68 49
353 706
588 777
299 684
467 310
818 366
801 438
917 975
101 477
736 311
856 895
53 466
34 223
830 384
19 712
922 657
653 634
215 592
792 0
880 333
438 255
422 543
561 545
499 946
185 531
373 549
338 580
520 175
37 887
831 484
70 10
188 650
526 680
494 217
730 4
395 90
100 847
782 150
192 412
906 987
818 586
976 827
446 386
461 477
376 746
504 280
357 616
195 909
225 147
271 605
914 982
621 675
949 94
370 803
648 143
90 202
648 50
137 168
532 450
661 748
577 711
448 934
592 962
214 579
277 266
345 780
304 14
45 888
777 740
913 740
328 658
410 240
691 675
399 292
396 260
544 442
234 359
288 533
399 528
693 811
881 470
773 927
541 532
28 74
513 497
395 899
616 301
331 60
492 645
866 847
55 192
405 561
135 862
386 681
185 605
767 695
707 621
15 88
337 888
147 348
361 143
112 231
260 166
265 879
436 642
507 509
717 880
585 136
430 864
145 911
418 737
30 381
18 902
567 889
381 762
968 15
611 33
328 265
14 375
451 338
723 180
433 61
823 24
159 169
333 947
412 592
991 296
598 704
603 739
486 961
208 977
937 184
432 519
296 803
745 46
699 414
671 893
730 582
244 160
252 764
563 911
443 453
913 682
695 343
917 27
42 446
41 588
4 48
441 787
961 133
316 83
648 539
713 606
44 393
908 232
920 483
96 21
710 805
135 837
449 947
136 591
189 145
209 731
795 70
510 413
785 895
696 239
73 113
72 142
169 702
78 32
747 620
934 932
830 618
178 19
516 668
998 181
629 441
519 551
693 916
765 668
145 616
796 41
48 39
229 717
647 373
730 129
221 744
98 764
705 746
274 27
153 162
29 479
980 840
812 39
449 520
897 216
634 945
632 561
780 191
688 708
240 317
713 402
894 390
175 30
152 94
526 741
750 53
477 324
377 500
943 963
185 555
544 721
58 346
630 184
772 247
512 954
387 871
51 43
383 600
930 241
204 990
446 50
692 237
383 789
99 631
337 940
316 661
211 240
211 475
388 373
898 784
254 455
280 955
103 21
670 148
766 997
644 114
187 457
36 809
114 337
948 863
594 593
90 750
121 219
563 804
378 136
325 953
489 908
790 841
942 151
37 84
265 131
167 498
541 706
132 674
456 592
635 412
953 858
123 702
523 341
804 692
481 489
589 340
818 399
239 225
512 25
898 886
339 170
687 61
475 158
165 400
822 179
392 152
831 519
95 668
456 211
605 85
217 833
290 567
401 19
698 386
396 548
735 74
157 266
867 844
830 180
688 595
350 576
595 537
747 601
750 537
217 599
86 349
513 39
396 227
117 709
687 958
354 167
90 138
143 804
50 471
854 220
780 602
432 729
372 377
166 975
736 397
893 200
46 437
705 364
171 880
638 879
175 459
19 410
877 836
48 327
262 222
201 271
424 271
788 510
299 902
423 58
461 376
829 407
807 653
235 303
16 894
197 864
576 530
431 350
839 898
577 307
814 729
402 404
134 648
856 486
169 161
495 808
470 338
161 771
832 188
253 200
89 301
978 928
59 163
37 834
16 554
993 144
162 207
927 931
557 822
639 849
988 89
766 267
137 114
512 540
873 123
15 175
223 708
260 32
472 237
390 558
583 5
353 399
746 66
121 549
637 849
391 23
213 744
795 19
135 810
834 122
826 355
186 429
779 620
812 527
648 218
521 995
782 954
201 863
990 528
431 192
918 752
625 361
285 532
14 422
505 728
569 158
572 434
837 937
715 117
657 461
329 456
799 927
452 379
872 721
231 170
786 647
776 365
180 374
554 982
728 686
885 981
410 143
205 32
913 755
593 247
380 347
549 192
231 453
729 222
726 851
555 223
217 239
955 718
616 734
894 278
953 27
981 344
616 38
38 639
70 484
35 258
589 320
538 978
654 396
380 527
731 273
165 842
495 812
55 114
855 652
808 43
560 635
697 265
599 934
763 35
267 205
611 980
290 805
8 688
25 853
242 253
280 254
941 639
268 687
103 273
207 527
54 40
525 172
957 106
329 412
697 96
344 346
103 856
115 227
408 846
779 745
975 691
632 759
803 126
515 351
160 739
397 609
627 937
846 476
189 609
186 690
911 203
922 439
744 635
15 930
75 260
684 495
804 899
741 196
108 576
306 547
419 897
160 328
870 967
554 107
745 140
812 272
854 669
720 213
935 469
797 219
824 51
573 497
441 701
933 397
162 108
10 60
560 594
610 861
231 369
49 57
232 373
829 13
382 117
292 435
403 135
717 750
40 114
876 181
389 239
594 778
141 850
900 339
822 142
378 112
335 231
563 126
515 300
543 659
526 716
325 843
901 408
247 835
818 193
859 644
640 195
19 338
860 11
6 870
933 709
776 32
982 186
392 545
17 911
473 536
886 481
499 907
900 456
539 369
127 809
384 790
515 337
183 270
544 878
498 645
415 928
100 463
307 640
664 587
419 592
891 861
311 668
935 837
201 839
265 138
807 561
613 490
822 663
352 350
825 747
607 626
809 894
326 595
391 851
643 492
424 190
749 970
985 381
279 110
92 886
9 508
177 57
608 354
392 871
933 170
973 227
932 507
918 328
414 45
185 851
121 236
993 714
678 551
731 269
12 409
652 780
571 504
590 522
963 492
850 512
318 282
903 773
371 489
100 412
540 709
586 215
27 67
646 331
64 412
318 523
982 453
754 170
735 501
413 187
101 521
75 139
883 53
701 849
419 276
203 260
561 674
826 135
815 200
622 673
506 16
385 184
102 929
989 862
966 229
582 596
582 257
740 463
916 437
560 232
172 540
636 376
83 846
848 275
847 588
258 764
53 876
213 762
114 495
510 362
478 70
211 373
262 556
4 356
225 576
615 8
558 225
759 495
396 783
164 916
241 688
377 629
431 928
258 923
364 845
260 334
168 226
50 919
597 241
357 154
530 199
875 348
801 242
795 513
770 630
768 881
791 225
524 379
657 692
615 571
258 643
904 672
917 551
27 945
875 105
4 586
768 617
755 425
261 241
689 254
390 419
521 2
47 362
106 359
355 344
484 152
342 523
666 130
516 485
175 244
984 749
947 843
625 800
312 497
362 372
176 935
729 70
394 496
931 530
20 607
206 107
547 500
686 156
561 924
508 894
470 615
108 202
978 509
702 834
9 131
128 60
481 538
170 551
64 50
962 664
650 789
800 398
49 150
732 181
557 732
655 456
991 706
568 771
144 633
584 160
951 439
415 160
155 138
544 21
86 736
955 437
939 801
947 217
953 23
751 743
487 92
932 973
763 941
746 727
518 190
69 338
650 310
144 570
471 36
437 225
650 98
864 489
623 697
669 684
321 814
79 186
135 539
458 899
913 57
91 613
195 548
175 280
257 15
833 920
29 466
112 259
356 65
704 732
159 695
208 271
393 995
420 894
77 2
411 739
746 869
188 710
64 308
828 554
333 299
604 43
684 819
817 107
214 572
787 813
563 475
482 337
282 655
542 218
447 336
110 956
973 201
147 266
733 461
478 311
77 984
639 811
12 416
480 872
333 100
329 350
643 875
933 364
276 120
581 783
872 93
859 296
411 726
218 33
905 695
20 824
330 976
724 832
687 272
13 780
307 976
74 997
157 665
912 414
302 337
201 182
230 753
178 157
588 123
943 35
237 859
30 485
107 722
473 682
866 99
312 637
296 72
902 611
196 308
987 976
928 487
202 973
729 957
35 828
367 688
4 495
480 31
68 574
529 679
336 208
736 233
417 908
636 268
758 552
638 429
942 586
132 372
216 756
299 808
615 181
788 494
608 142
107 150
910 723
428 454
360 227
271 475
888 409
838 61
648 916
83 347
313 203
527 799
172 101
425 803
316 208
68 619
331 208
613 381
548 915
971 591
657 59
935 88
734 76
286 722
181 70
692 310
780 140
372 656
132 310
854 132
755 789
759 530
580 661
55 54
654 24
503 555
938 992
753 961
409 196
5 67
102 583
881 958
7 62
865 144
457 961
351 685
460 387
125 928
597 973
744 424
884 272
775 513
749 122
773 908
586 946
427 761
145 295
857 932
410 751
542 238
876 828
711 510
16 123
532 135
221 816
249 444
342 772
180 17
233 440
530 979
386 623
391 939
952 782
317 495
549 879
116 994
179 960
516 582
381 701
759 710
356 669
930 992
884 987
981 627
599 283
353 614
679 105
146 657
993 356
749 608
736 704
475 13
992 140
838 572
501 481
756 62
739 677
170 110
511 735
155 984
885 883
361 179
251 160
43 908
38 833
199 925
268 137
610 438
306 890
310 315
303 639
579 141
240 560
610 766
741 486
245 735
500 48
163 508
637 446
379 835
222 996
438 496
815 441
690 493
176 464
820 336
394 6
230 213
260 470
681 390
7 65
276 912
916 18
926 56
52 969
321 822
280 134
792 833
107 465
754 179
492 159
511 93
136 768
810 318
567 62
72 808
494 880
840 20
437 304
307 744
930 322
446 334
246 39
78 606
782 481
787 574
205 935
88 202
32 995
370 575
994 498
30 308
833 995
240 946
968 388
522 187
686 521
738 146
751 7
903 185
698 576
877 305
171 792
510 741
874 575
59 416
971 672
292 568
103 594
653 51
243 788
274 393
184 398
52 578
795 765
668 866
157 496
519 305
774 233
994 184
598 822
208 49
532 753
618 966
602 444
894 309
64 225
60 67
968 441
652 262
906 619
28 103
217 335
617 288
766 732
547 466
660 399
783 763
3 573
559 341
841 202
188 474
365 155
167 607
102 489
748 607
748 535
896 50
845 542
484 45
427 495
970 916
196 553
160 389
82 539
924 390
315 412
934 378
844 73
372 576
562 735
113 868
281 522
743 18
761 221
304 449
709 235
551 92
22 421
356 71
64 261
312 576
434 666
637 395
868 909
474 459
540 27
238 78
602 324
530 552
133 292
436 610
93 168
601 180
474 795
27 729
772 81
579 451
589 516
209 911
333 629
834 674
748 29
481 347
101 652
9 819
577 331
881 258
657 477
993 828
568 283
236 132
936 616
375 336
156 329
737 693
734 402
67 100
507 61
610 797
3 260
723 683
157 33
510 897
314 620
854 611
305 612
688 823
811 218
834 405
423 59
182 518
401 204
278 241
191 562
266 396
901 562
705 704
457 911
372 573
809 251
801 265
595 168
30 659
789 438
420 69
198 848
911 705
29 674
899 834
321 790
33 654
449 319
10 835
973 669
923 648
252 299
777 222
103 917
479 807
790 638
318 357
202 657
933 190
610 494
849 6
938 191
598 629
137 187
255 259
649 827
722 562
53 196
215 843
942 180
963 979
638 608
272 71
369 333
663 613
968 78
609 349
992 30
594 457
51 862
543 553
182 25
41 297
986 341
339 647
206 701
281 199
453 949
513 330
388 78
926 535
63 579
610 848
421 459
988 48
881 543
771 219
482 790
490 615
125 872
396 386
673 40
873 36
419 157
602 790
860 210
417 219
384 885
149 182
608 213
461 628
842 400
858 227
606 3
618 588
677 195
122 669
566 644
124 137
857 840
50 196
135 706
241 314
553 388
241 959
920 685
564 964
53 103
981 937
667 664
84 902
145 687
583 103
628 314
522 159
149 734
234 291
479 590
910 706
723 215
159 252
407 388
490 673
932 293
108 403
383 893
254 951
635 460
328 688
749 506
962 604
512 150
945 211
674 542
575 133
951 999
503 988
100 416
839 146
494 882
230 611
532 930
600 278
82 666
936 352
336 492
981 522
995 833
840 21
650 130
797 107
587 341
360 863
247 985
618 551
587 517
828 473
801 366
467 900
254 120
773 952
477 968
291 505
244 335
63 480
622 505
543 986
49 342
611 661
776 737
940 673
123 816
709 595
325 451
911 448
55 216
463 39
940 677
242 455
741 640
13 276
181 940
886 140
655 381
623 935
599 590
628 534
150 433
170 979
226 479
859 330
381 776
423 94
781 789
61 590
28 236
882 257
977 595
73 249
255 265
325 92
76 658
379 8
780 225
531 856
607 939
111 266
801 897
557 524
200 54
146 670
787 882
656 504
265 214
529 839
528 73
900 5
551 867
760 279
422 320
903 83
484 903
413 521
409 643
96 665
149 113
538 765
225 75
804 953
357 429
782 680
289 926
325 8
816 802
284 306
386 277
422 747
89 26
378 670
670 349
992 13
261 726
916 725
686 743
593 770
709 759
535 387
652 840
831 528
880 630
566 593
513 234
713 328
174 157
265 601
648 321
991 529
382 4
369 13
42 390
77 285
761 310
365 121
328 639
675 522
429 409
167 492
12 525
960 234
635 193
736 515
936 365
627 332
345 413
160 566
69 720
32 521
937 304
791 585
629 651
137 40
136 313
751 132
153 223
602 338
120 684
631 387
260 794
460 470
431 839
890 471
839 940
563 894
573 86
670 331
395 635
288 361
426 871
389 952
346 136
104 671
957 534
663 273
182 120
771 920
134 219
102 288
256 228
262 53
758 655
801 383
138 393
689 693
97 499
98 936
757 112
489 426
691 769
416 6
325 894
167 121
632 145
981 657
824 30
512 37
258 61
625 150
130 459
691 405
239 429
997 381
460 430
734 257
616 532
417 497
912 638
281 137
851 328
351 299
879 531
721 815
594 6
989 583
11 337
207 560
850 84
847 662
54 644
143 982
942 86
67 970
1 606
233 497
169 834
443 709
357 882
555 817
967 83
846 875
790 37
332 382
916 706
352 931
42 808
275 113
859 48
941 426
479 327
934 656
177 613
362 696
490 509
468 869
791 700
860 600
233 838
795 559
868 653
551 116
690 715
482 320
9 922
488 944
66 529
321 998
379 434
923 378
647 802
940 259
932 689
30 576
13 219
508 404
354 174
196 530
397 357
606 437
246 563
795 148
618 980
121 67
566 257
511 421
490 194
708 665
4 930
69 235
867 933
942 460
6 637
144 724
395 533
44 295
412 717
895 206
983 648
783 872
212 858
221 801
53 781
531 465
769 262
24 783
593 700
362 200
368 993
427 563
748 477
919 351
258 942
924 367
449 4
851 581
468 132
22 36
662 235
731 498
42 38
888 206
361 976
519 487
736 84
716 990
584 459
212 988
55 991
425 654
296 793
820 288
470 865
754 728
783 660
345 461
247 802
292 336
170 256
726 649
622 636
324 493
631 720
326 286
989 664
351 172
708 191
514 787
339 959
968 20
175 895
743 817
328 450
973 779
315 238
14 406
450 194
202 872
218 4
523 22
227 417
293 799
165 182
246 261
873 135
320 65
197 358
13 118
445 462
379 993
998 120
976 711
396 726
479 936
735 790
787 131
385 58
20 265
747 717
888 358
89 536
108 398
811 591
35 684
206 741
597 673
178 839
763 139
84 783
155 876
943 528
896 709
63 282
403 74
135 950
31 655
987 428
801 563
272 482
247 692
899 9
52 364
719 835
713 499
123 39
173 356
899 704
647 316
309 138
723 505
596 655
248 121
282 649
972 585
580 781
332 640
879 153
781 283
255 757
31 516
45 425
25 775
866 441
619 794
204 454
901 777
991 22
766 889
765 590
599 723
216 288
457 827
855 440
124 865
311 275
82 663
532 370
811 165
633 963
706 770
173 593
799 964
414 117
423 50
946 101
441 991
899 708
514 953
627 937
340 227
361 645
994 208
194 327
575 338
820 994
264 706
598 139
7 800
324 227
777 812
626 667
386 454
631 929
120 684
20 365
85 522
604 385
937 607
303 441
775 725
554 39
438 897
393 618
132 420
735 568
374 273
477 162
386 376
201 607
945 874
729 59
151 638
801 641
829 60
769 471
858 496
291 529
53 456
803 873
613 465
384 285
204 112
650 697
994 597
892 487
270 196
627 364
395 735
736 557
504 494
147 185
711 553
672 129
683 151
559 285
724 79
566 217
245 128
97 696
592 620
541 544
664 978
690 702
967 172
448 899
777 118
859 664
752 305
433 357
354 334
954 552
800 142
834 364
920 546
252 896
397 991
247 450
141 900
373 43
924 583
769 669
680 564
41 67
228 431
565 199
304 13
999 681
545 502
299 423
565 102
649 112
226 988
360 502
631 994
933 435
851 566
20 722
693 816
166 330
755 813
549 102
223 11
36 225
959 47
26 481
572 259
0 936
189 860
560 459
349 179
105 164
698 994
849 683
512 977
882 701
245 833
424 371
782 578
121 47
946 96
942 90
709 531
122 273
536 359
480 9
887 728
730 672
251 474
391 31
49 969
244 741
746 845
23 541
564 544
416 787
170 778
928 498
496 316
774 570
346 508
80 0
892 33
287 103
356 816
807 478
432 670
181 321
834 7
129 844
675 94
254 933
431 653
656 578
669 135
357 587
226 301
575 513
622 374
201 983
999 634
48 128
469 777
796 322
222 679
391 369
130 836
78 750
593 553
589 201
412 92
143 165
458 928
438 483
388 615
768 82
691 978
555 782
952 570
66 6
684 423
641 203
697 425
805 813
121 814
680 95
357 483
811 151
313 158
700 79
646 275
155 783
312 166
328 935
657 521
143 879
829 142
806 594
592 174
158 10
541 971
208 221
121 884
986 241
735 191
882 628
604 692
475 479
574 22
622 475
273 149
50 757
866 867
535 950
711 516
335 542
982 369
174 466
766 294
627 907
964 499
296 386
382 856
711 409
21 108
485 987
470 632
220 534
65 975
803 376
703 233
872 616
405 784
137 111
342 834
871 934
304 753
45 305
389 880
256 53
29 183
454 750
906 32
492 420
300 274
307 903
430 997
18 56
137 496
146 130
807 440
494 417
195 434
185 266
407 459
909 507
574 814
857 972
915 462
346 631
41 76
534 491
901 834
357 695
33 57
577 965
875 472
447 997
373 686
405 540
741 715
343 644
696 2
581 22
51 457
672 461
58 196
533 797
412 119
416 212
319 218
989 680
704 874
786 393
942 997
809 631
376 46
637 647
803 555
467 195
312 907
228 288
22 651
303 868
940 115
596 527
50 773
574 569
440 709
513 333
534 983
596 204
278 813
280 13
367 944
915 483
220 818
718 495
364 34
173 216
907 207
704 713
649 712
477 322
138 163
729 393
454 68
223 82
865 424
168 780
925 683
884 807
670 551
183 315
886 599
727 514
723 131
189 777
302 532
866 322
837 306
716 926
532 179
634 553
767 711
68 535
147 554
286 14
846 354
375 755
987 874
572 129
242 742
674 647
96 0
469 882
331 795
162 363
665 213
100 530
66 554
925 171
770 238
594 880
844 59
917 135
899 125
109 357
770 554
656 955
951 318
268 241
787 941
859 680
422 34
381 692
56 24
786 434
595 527
72 109
975 922
305 87
150 118
225 655
362 357
39 718
315 492
506 567
429 874
310 630
129 778
262 807
251 10
644 539
789 341
239 566
538 14
213 788
172 359
601 174
754 672
366 959
772 731
981 956
625 376
355 580
716 85
319 876
146 288
362 86
583 944
104 346
506 296
486 725
158 86
941 994
898 531
590 783
738 747
981 201
959 584
779 906
710 562
151 594
149 986
981 915
811 495
770 938
608 80
311 931
970 43
740 124
193 158
534 837
462 220
588 253
0 754
238 297
238 322
847 513
420 888
413 483
368 731
294 989
252 566
814 517
465 712
214 498
25 593
735 545
22 638
903 993
298 30
795 984
726 445
822 185
31 825
977 254
286 820
60 147
62 74
995 603
403 539
908 983
225 299
296 947
331 920
289 995
782 140
923 47
965 51
213 323
342 55
402 2
124 970
171 148
879 275
31 925
609 14
622 368
842 557
34 92
134 491
895 765
437 699
965 342
811 460
716 798
857 952
519 585
812 589
827 497
989 195
970 228
737 591
179 911
138 535
637 107
541 279
900 735
157 908
442 502
488 263
282 947
64 477
641 634
109 356
949 553
665 744
35 335
45 695
892 723
594 753
432 896
194 948
734 495
55 391
513 774
284 254
887 496
436 709
879 862
839 920
713 908
628 723
323 846
619 557
168 684
602 387
923 444
635 898
389 335
692 356
212 647
551 263
300 872
587 386
594 755
963 434
622 315
45 516
337 442
613 307
368 531
75 196
488 278
938 800
578 239
379 363
280 223
778 91
545 192
422 58
713 883
967 319
669 453
67 626
990 113
778 415
412 231
603 293
908 470
310 760
573 581
339 627
31 385
979 42
669 738
758 166
109 590
940 434
638 162
296 678
65 630
466 786
11 376
763 446
610 940
487 456
669 203
550 181
489 554
75 387
977 717
393 38
294 67
106 906
336 514
547 185
523 70
92 60
597 559
580 543
423 617
341 465
419 105
435 481
549 700
514 903
101 33
577 354
651 514
218 134
59 974
84 241
964 595
674 149
164 995
525 288
358 508
807 938
398 981
98 567
516 406
113 871
624 519
772 378
741 979
626 719
664 166
922 598
627 140
827 469
725 596
285 40
757 398
423 229
743 921
395 367
565 264
750 305
226 165
660 565
531 287
52 765
263 712
223 594
929 722
695 867
555 203
534 281
908 150
20 192
309 12
630 624
817 643
139 725
76 894
136 652
862 805
974 112
527 94
666 683
389 132
94 232
947 119
391 841
509 708
335 652
745 431
323 276
496 294
127 853
830 87
776 567
314 871
849 255
612 211
704 474
601 956
760 504
424 441
589 488
630 473
491 120
442 305
1 209
89 447
471 290
140 54
545 111
983 356
412 68
635 872
977 164
158 631
568 519
417 385
895 59
770 719
10 649
403 120
373 460
539 237
240 974
772 513
850 428
797 381
193 331
296 483
185 699
310 353
507 482
370 864
808 228
987 726
255 282
142 713
291 896
748 453
168 772
128 927
63 548
867 803
424 774
67 211
479 814
665 257
739 108
499 424
819 884
42 29
737 978
972 195
844 981
428 64
240 547
648 402
65 165
139 910
360 53
940 882
884 629
664 377
909 338
468 263
358 689
829 205
225 321
491 800
527 185
515 5
71 787
756 696
303 449
692 493
49 518
820 902
832 737
345 87
460 278
925 166
497 925
542 30
510 663
980 878
477 294
385 254
694 444
788 386
474 951
366 850
29 915
593 568
930 113
582 196
389 191
198 37
949 112
507 320
177 445
400 902
469 635
942 753
5 631
832 935
305 0
905 779
393 452
365 760
123 973
77 15
187 805
599 131
66 848
350 859
530 106
229 464
920 617
154 183
851 155
425 697
773 930
117 49
496 263
686 246
66 382
136 362
596 9
657 130
607 815
525 630
968 710
861 507
661 960
409 752
549 374
957 463
875 932
943 646
558 681
520 947
126 19
152 618
810 760
741 932
858 195
379 322
439 865
206 84
327 772
574 319
941 255
578 327
649 204
905 593
732 75
420 52
15 43
952 376
20 406
275 504
236 544
141 860
18 952
145 411
457 274
339 215
482 52
532 329
512 840
804 22
640 18
111 930
602 458
44 724
693 572
426 74
147 942
491 711
408 841
518 986
881 628
879 424
802 829
586 285
369 858
88 15
161 527
273 587
289 792
571 261
919 113
513 34
143 853
88 184
632 188
478 9
264 728
235 699
519 466
685 859
186 240
462 115
697 202
833 346
771 77
630 51
768 7
569 785
144 780
450 521
626 305
120 688
407 207
631 879
928 266
644 260
301 475
190 259
23 994
752 604
648 544
412 783
298 348
498 341
598 196
817 657
78 319
413 312
868 201
154 268
5 654
920 239
344 18
791 846
203 513
5 3
280 234
830 608
708 585
75 497
625 310
222 921
124 784
197 943
113 581
845 635
13 870
680 628
317 599
274 204
981 949
369 798
396 619
819 374
486 590
21 50
337 368
953 104
116 66
23 496
901 725
303 139
362 578
661 804
51 680
742 285
550 151
563 789
90 675
644 90
32 515
159 186
518 282
857 158
622 422
779 888
360 975
617 868
211 258
543 917
209 695
252 810
316 551
484 553
755 650
289 922
730 936
258 96
481 542
38 731
659 995
299 889
681 180
970 838
400 45
413 202
289 114
956 586
440 701
364 513
615 759
761 737
644 548
957 52
904 298
858 400
457 283
284 42
122 460
731 298
753 197
464 200
618 841
226 272
610 102
263 724
629 860
822 400
537 335
764 744
699 132
697 364
81 204
74 367
595 583
310 552
831 769
124 54
384 52
731 57
806 830
353 999
948 245
296 892
454 840
174 38
505 127
44 976
975 542
993 492
283 798
24 839
523 4
799 199
228 838
457 968
641 523
375 8
567 307
778 312
35 471
540 380
941 978
608 973
361 768
167 397
3 437
133 137
187 154
3 158
665 371
894 805
979 781
415 217
589 622
429 68
16 445
640 404
766 508
487 563
805 138
948 912
522 158
254 416
648 937
160 849
433 636
976 184
91 50
395 57
447 463
159 919
774 825
313 245
925 629
919 308
748 989
825 70
633 313
60 762
369 692
526 161
522 312
321 377
586 788
66 695
756 29
793 746
629 915
230 78
458 790
202 423
37 200
580 174
847 948
829 848
455 992
958 485
716 543
528 7
320 298
12 804
229 448
676 317
469 636
433 512
660 294
775 707
696 964
598 266
773 41
131 2
418 799
142 719
56 330
949 819
948 893
184 24
834 9
294 984
660 146
489 427
316 373
62 849
855 15
864 120
506 728
980 136
409 544
599 189
373 672
79 445
838 732
64 35
794 463
425 987
909 224
638 207
769 259
167 889
815 403
656 17
631 71
74 50
221 275
450 800
525 193
400 333
999 751
267 949
358 722
220 685
862 651
112 435
388 41
713 754
523 952
391 205
596 832
323 663
821 585
109 888
853 749
375 355
311 966
473 685
565 859
118 792
271 293
47 737
797 270
238 958
329 100
782 204
264 699
393 248
50 73
362 61
263 357
916 734
61 170
194 596
712 177
473 138
834 325
875 703
643 427
262 899
457 529
140 502
131 518
627 197
923 955
360 895
915 424
615 511
946 466
311 306
655 372
852 212
116 468
628 894
598 151
751 98
76 767
376 858
111 371
817 22
561 992
14 237
761 591
585 918
69 39
998 175
969 300
807 550
95 216
707 677
895 778
890 427
226 116
468 233
977 193
739 123
28 951
374 672
240 657
80 771
407 848
264 835
22 818
338 111
619 915
38 86
718 340
847 414
818 730
223 628
228 385
385 483
27 448
319 984
120 582
645 6
112 933
253 581
743 869
661 673
480 453
918 959
346 262
702 403
709 232
817 240
918 810
427 208
367 643
561 765
890 790
200 142
207 342
406 54
780 934
672 202
341 260
476 106
780 431
520 393
626 167
490 776
823 724
521 288
335 9
876 39
598 866
186 125
124 740
761 790
340 812
19 715
506 82
670 301
580 127
347 969
706 14
314 211
280 543
539 836
20 793
176 637
779 89
489 481
705 30
424 901
888 303
798 116
456 439
62 361
560 863
681 603
725 405
961 952
417 148
802 315
757 92
901 56
530 899
215 627
427 500
865 931
911 367
322 428
775 465
274 301
563 542
696 887
634 980
167 216
849 114
844 775
451 777
859 832
434 665
146 794
413 911
390 928
922 661
581 565
758 306
300 643
451 228
322 765
489 156
36 187
985 641
650 222
949 32
458 5
404 450
820 408
957 637
598 211
225 232
553 21
38 418
659 409
113 986
166 68
523 732
736 249
488 394
189 177
740 585
402 815
71 478
452 707
227 833
225 69
379 592
964 413
190 567
775 592
692 735
819 214
376 748
500 361
815 732
875 584
184 245
764 541
92 438
473 820
800 960
70 526
200 182
920 13
663 835
367 224
661 627
91 41
559 557
462 381
445 407
574 275
584 827
678 897
683 408
69 227
891 28
767 878
834 833
43 908
544 309
757 769
211 207
469 438
993 590
288 739
347 636
900 898
117 763
882 401
315 935
567 528
894 356
547 620
374 609
407 76
866 462
328 730
559 482
425 716
6 823
472 68
585 26
383 220
598 262
710 774
484 184
279 443
302 577
706 522
247 967
531 379
765 5
832 581
248 852
647 5
565 545
648 504
174 649
302 434
252 307
564 240
944 93
269 579
557 866
141 318
131 58
918 266
552 730
85 296
7 181
735 855
46 51
742 150
922 738
617 780
478 498
906 758
236 685
281 129
203 479
578 785
730 962
522 73
412 973
504 820
196 494
577 403
698 21
516 384
431 219
504 922
13 676
338 794
699 217
739 941
728 680
114 899
773 687
510 488
936 383
567 369
590 510
973 137
945 376
97 316
322 183
355 340
537 528
523 778
387 871
588 911
491 582
605 140
244 402
730 87
125 687
123 126
62 341
940 201
850 883
908 795
478 411
314 937
137 518
189 951
684 993
450 127
492 72
348 723
686 506
550 797
386 853
85 549
739 332
476 323
886 550
511 173
801 617
901 667
774 958
200 681
231 623
630 29
908 118
861 601
131 792
250 667
0 466
195 60
6 218
494 886
396 538
761 1
219 904
156 672
815 169
948 447
156 960
721 872
787 465
337 998
173 211
326 865
655 653
798 820
38 432
659 91
901 477
346 409
453 145
335 145
501 318
961 163
682 900
457 337
584 168
497 106
121 947
27 679
446 550
71 261
36 332
849 26
792 82
322 419
479 530
606 701
783 814
63 707
218 35
560 456
932 131
964 621
618 808
511 981
109 678
253 782
456 208
626 435
638 374
577 864
64 21
658 542
182 448
214 0
267 349
732 613
798 499
121 974
790 835
923 66
789 28
487 289
777 276
532 110
647 691
296 544
696 970
89 986
697 252
134 698
590 523
823 79
863 263
490 567
557 227
856 815
734 440
911 420
39 910
561 266
666 912
29 763
729 887
252 242
665 338
447 425
202 933
736 711
910 191
654 606
864 576
884 228
671 835
796 784
771 720
920 472
952 461
929 793
697 518
412 102
598 899
842 308
144 345
750 22
668 132
29 964
911 475
33 657
897 372
14 797
525 705
33 880
632 843
445 409
696 999
351 246
647 134
837 980
248 761
131 642
201 708
398 321
689 371
5 110
420 827
269 307
645 794
539 66
779 337
391 660
383 392
767 242
373 323
785 42
601 804
662 19
516 394
843 556
447 712
794 946
351 984
793 665
729 842
760 422
336 535
649 794
365 459
339 473
207 291
871 132
83 563
735 259
29 435
811 287
224 339
767 343
210 708
490 497
404 401
767 996
888 110
465 563
348 887
963 980
526 709
414 554
832 821
798 584
494 625
815 168
317 251
811 435
694 174
24 625
852 951
312 187
427 277
385 223
985 293
214 155
577 721
725 422
773 986
211 572
908 67
965 824
813 912
728 407
603 567
195 146
209 901
363 980
352 28
319 533
494 220
654 510
249 856
558 814
325 930
782 685
306 713
206 79
57 714
605 331
680 453
867 124
709 586
873 551
935 668
245 686
651 372
58 445
70 649
656 315
462 222
840 204
966 988
546 332
185 210
138 166
774 874
272 662
301 503
472 356
394 116
738 682
183 918
418 175
279 948
666 477
416 589
87 600
272 699
362 649
588 647
311 922
677 486
403 298
268 842
777 42
814 996
206 489
379 184
174 110
916 681
302 356
444 920
284 163
481 663
860 132
683 202
556 565
284 720
922 606
607 261
853 843
390 84
889 43
551 429
214 936
271 785
339 280
362 565
568 299
561 6
313 854
677 210
986 880
667 552
791 595
345 40
210 341
560 629
91 87
802 602
643 766
197 811
689 776
937 38
593 537
815 938
594 391
267 471
463 3
539 806
800 849
600 153
114 777
564 262
20 31
956 585
547 831
497 320
24 110
498 779
697 61
260 675
174 55
708 945
764 725
20 546
343 384
908 274
275 207
587 88
412 89
399 649
463 949
609 183
689 352
932 690
198 871
479 47
588 429
281 753
185 192
101 453
875 719
438 235
319 110
989 594
835 910
304 298
144 590
613 584
322 239
80 301
98 86
305 128
974 763
753 478
935 898
719 751
451 111
542 330
388 552
465 508
225 181
570 197
788 43
998 19
860 546
877 371
379 252
369 837
763 647
454 632
204 228
681 670
497 856
131 249
308 715
424 638
351 560
650 169
45 20
892 761
143 787
212 53
475 191
16 639
59 338
197 888
634 686
900 292
964 914
910 607
886 904
841 873
275 205
795 734
313 817
830 697
76 440
69 194
801 920
230 309
957 364
360 845
847 127
535 240
404 285
838 485
378 543
941 876
967 14
971 109
674 850
221 187
857 490
383 570
453 807
866 399
691 756
575 799
149 529
547 219
505 473
132 354
720 408
515 855
921 385
706 901
190 886
416 440
592 193
419 886
743 35
189 541
324 516
729 207
827 218
376 172
483 949
799 918
136 930
532 99
235 918
785 182
375 118
640 743
911 5
696 772
735 982
638 912
753 146
271 988
385 179
29 659
640 738
226 359
368 439
603 23
552 184
420 786
988 160
584 885
991 559
405 70
526 999
704 887
905 222
238 748
995 784
470 104
175 372
342 597
806 251
787 538
70 836
37 554
269 532
138 67
871 732
713 916
804 371
506 483
358 149
92 845
97 660
607 711
251 6
820 901
734 992
682 345
196 226
850 902
395 314
540 981
929 709
67 416
601 835
551 645
614 706
562 46
568 782
950 694
973 56
908 878
217 428
944 290
345 136
235 965
917 202
752 332
780 601
92 658
916 47
64 127
450 524
712 46
583 118
641 207
932 561
607 562
727 570
132 190
654 512
248 233
563 276
869 24
65 680
394 545
927 975
403 879
666 396
359 126
655 253
426 976
817 793
827 263
376 807
104 900
587 761
161 312
703 89
51 769
912 683
494 638
679 132
457 358
853 809
997 222
8 546
415 626
267 416
769 487
682 773
315 14
559 683
230 931
342 40
826 478
776 969
665 849
630 573
715 988
324 643
339 86
201 669
18 357
251 791
10 320
272 715
285 322
82 543
624 937
667 842
786 800
370 898
625 442
644 898
264 1
718 10
849 894
738 607
9 569
457 973
876 970
480 122
671 889
389 996
29 764
964 750
587 887
661 687
312 801
224 555
791 292
164 647
136 405
228 119
462 165
900 642
681 767
746 96
423 283
272 395
46 498
697 796
254 395
642 551
109 966
283 769
50 799
814 289
790 268
991 813
816 18
316 479
648 158
920 752
326 272
10 554
28 348
971 860
641 716
96 330
383 560
605 308
856 192
379 528
156 947
450 306
110 273
771 786
985 710
23 279
532 431
212 915
237 106
66 367
437 209
832 561
184 560
149 18
393 880
60 421
259 98
670 829
914 807
814 334
883 344
186 415
490 770
206 614
459 220
365 516
395 508
146 475
775 598
515 293
677 774
848 719
34 425
891 86
699 239
24 48
216 100
942 207
14 567
111 249
388 954
429 355
633 979
661 232
172 890
944 836
555 988
991 334
240 823
224 397
233 920
767 554
303 906
774 15
754 71
71 814
706 995
457 709
873 727
490 152
303 540
84 128
478 672
531 107
479 470
725 395
348 705
667 635
216 41
264 208
188 802
23 996
540 616
58 945
593 592
768 484
80 771
222 496
187 716
762 804
638 732
323 719
548 187
373 540
475 138
636 769
862 15
623 412
2 209
479 279
947 685
656 171
631 392
823 276
563 742
4 892
53 794
50 90
561 462
325 140
280 486
291 226
687 936
622 837
652 286
841 704
613 552
105 854
764 635
454 652
782 575
370 992
508 496
649 771
788 362
218 307
584 186
37 115
638 59
493 511
730 479
976 523
409 311
324 563
39 780
628 353
388 614
996 658
3 29
505 874
923 455
772 769
17 537
553 821
293 617
731 834
996 539
819 816
678 515
312 797
697 531
193 882
222 925
273 905
986 171
874 983
263 276
501 487
964 346
160 272
59 42
393 135
890 340
946 512
132 452
558 673
192 175
476 823
490 610
849 910
889 120
418 835
937 170
171 580
721 148
353 938
176 574
791 669
300 336
879 313
83 681
342 313
965 658
141 73
2 510
470 239
592 661
444 869
903 913
806 96
569 760
269 141
484 420
492 389
330 408
471 6
907 268
735 996
905 738
30 71
92 665
293 695
191 698
198 677
723 553
759 780
234 422
452 672
887 757
856 406
836 251
525 148
812 243
834 626
578 832
852 33
2 923
113 3
230 22
265 92
251 106
333 303
198 958
549 475
121 266
500 296
819 219
247 381
374 607
454 108
74 939
34 24
498 563
904 285
238 243
404 257
249 627
929 729
620 80
920 967
58 896
600 259
797 246
949 120
697 400
740 505
392 717
797 651
718 674
738 356
189 159
552 396
236 606
899 587
339 83
30 411
331 802
819 960
971 389
120 629
790 398
859 41
747 404
616 66
629 9
176 728
509 619
980 277
636 801
690 100
717 689
519 616
474 407
614 758
758 360
888 413
187 576
700 868
109 129
529 502
799 358
266 842
372 127
673 213
169 477
239 116
793 432
130 468
320 102
697 405
20 455
788 359
561 951
479 371
357 140
288 429
324 17
919 529
100 538
718 827
618 633
969 483
823 505
320 97
302 552
570 350
375 322
997 827
113 507
435 789
355 37
750 474
972 484
464 853
531 830
380 56
441 471
633 906
511 915
880 15
450 621
996 736
350 32
98 562
945 964
529 595
415 772
179 962
271 293
860 271
955 865
795 379
85 765
239 88
545 328
315 972
94 981
525 867
225 706
548 547
923 314
48 420
601 952
14 607
885 182
252 933
339 92
42 820
367 188
818 590
61 526
465 802
928 968
734 975
959 888
746 614
582 517
769 824
121 770
800 896
542 389
111 922
403 847
538 483
237 220
658 971
411 646
345 417
482 957
686 221
730 706
965 140
217 36
27 63
703 75
25 93
34 890
398 243
315 818
874 785
640 77
608 183
395 944
380 503
115 829
6 228
697 176
349 276
262 304
647 554
987 296
47 311
57 703
865 66
691 813
587 149
192 943
4 874
797 796
401 294
19 896
341 13
700 897
985 254
444 257
476 408
134 988
869 437
68 275
287 790
131 295
780 848
806 505
205 853
849 698
577 333
985 278
828 519
331 895
833 387
859 103
924 898
214 822
897 208
889 325
233 208
147 777
270 696
224 956
132 855
232 497
555 13
871 63
930 154
94 240
263 993
435 18
884 222
516 357
716 598
946 310
990 270
771 195
744 287
24 456
961 80
608 930
88 965
364 306
832 950
710 429
48 707
164 913
313 738
13 433
493 654
175 163
483 69
764 61
148 669
354 121
91 85
567 669
288 337
278 708
417 309
839 238
638 438
122 962
323 229
652 81
852 589
891 692
676 807
599 0
606 995
538 265
239 170
561 381
764 218
267 547
368 314
458 844
49 511
79 184
484 518
371 452
173 10
803 899
28 936
627 866
236 105
759 496
366 281
278 438
974 750
824 355
164 298
369 324
653 20
910 162
411 572
848 308
978 622
527 215
364 569
632 266
480 641
290 191
463 97
797 719
239 237
996 181
387 166
141 558
306 359
399 503
239 785
635 648
618 562
310 768
261 474
37 817
841 209
658 189
737 419
143 417
175 718
856 696
839 14
590 435
929 655
353 976
250 667
157 321
509 771
816 383
973 771
675 982
423 458
416 490
846 703
211 498
767 203
267 572
766 522
563 458
40 771
836 348
11 315
550 486
899 628
38 507
510 932
786 233
698 235
907 791
429 989
306 780
829 970
582 642
402 954
157 372
529 76
937 243
466 712
517 543
172 780
760 588
791 317
249 659
898 430
732 178
574 669
835 855
475 36
713 897
657 229
571 535
810 442
304 982
79 964
242 44
472 610
485 698
255 405
816 354
159 361
282 742
585 791
687 625
951 688
827 257
661 156
878 317
437 941
536 347
762 525
479 14
79 239
278 374
720 261
952 728
681 158
974 656
982 754
86 540
571 880
581 875
525 591
93 397
488 916
330 517
875 973
457 92
873 59
459 312
57 373
689 501
728 378
944 866
733 79
431 359
710 371
494 758
41 582
873 304
717 985
869 361
762 770
515 159
262 430
139 134
50 277
770 936
700 624
423 939
22 638
762 923
879 888
503 378
753 225
746 573
867 426
362 681
447 733
859 941
558 680
454 930
163 700
812 377
526 695
132 139
250 423
761 847
888 664
407 671
117 807
415 52
818 96
41 204
938 29
409 481
602 176
29 179
148 652
838 944
500 662
814 659
263 81
513 291
144 667
727 430
573 666
456 902
50 515
929 586
692 716
190 360
832 256
48 290
901 99
745 838
519 567
238 618
126 310
749 496
655 368
6 446
545 24
391 594
106 778
306 412
147 968
634 940
826 758
950 901
302 826
373 34
776 488
963 833
888 228
371 13
725 441
349 136
369 762
609 376
597 647
477 961
657 314
580 660
918 723
968 742
983 201
433 588
61 705
38 278
275 308
155 170
26 596
116 146
902 575
609 112
264 152
2 673
860 170
741 40
814 998
589 309
953 551
278 333
304 236
71 627
1 374
518 607
62 514
154 519
142 817
365 139
380 598
768 917
774 768
772 608
584 633
558 489
738 486
667 948
192 368
925 944
456 137
52 277
937 379
408 988
610 422
189 408
121 489
384 524
701 531
202 973
598 410
947 98
315 36
1 889
780 356
720 523
786 663
220 443
284 111
5 451
507 447
338 415
423 601
250 718
91 701
430 287
823 386
779 648
645 50
623 925
958 729
137 54
46 902
430 913
637 366
938 499
247 604
172 433
127 677
789 652
375 404
801 12
291 353
175 44
599 800
446 598
981 215
112 688
812 391
428 808
597 303
918 652
696 421
226 813
367 967
449 173
737 121
299 926
402 71
742 653
32 374
861 303
401 814
605 970
803 554
132 23
61 587
914 127
468 82
445 220
880 453
703 593
273 452
779 580
388 572
576 539
786 515
597 973
602 261
830 139
29 703
638 302
595 314
222 298
861 122
876 860
235 624
47 312
295 884
506 375
545 855
639 390
380 320
558 90
104 29
566 363
873 197
147 166
761 156
393 704
850 198
280 719
598 935
0 267
99 491
151 718
769 425
305 127
549 5
55 677
955 95
75 738
7 358
34 446
253 984
467 110
699 318
984 396
435 884
339 249
661 999
795 865
556 290
814 62
15 138
273 607
803 169
413 825
16 552
316 286
601 640
46 910
584 146
565 732
577 165
399 979
941 953
157 848
466 426
895 201
177 407
571 990
433 467
662 39
466 36
417 143
164 2
983 959
129 162
167 414
456 212
5 176
883 321
830 12
123 545
764 250
651 388
182 788
387 407
923 797
606 186
632 480
134 151
697 42
710 733
341 674
799 495
773 416
575 655
581 244
56 398
732 304
37 776
745 41
346 211
559 673
204 497
434 377
71 439
554 870
383 885
583 57
704 686
574 739
587 280
87 171
63 692
383 852
77 259
823 769
719 637
173 586
166 922
295 722
18 315
420 456
263 882
98 195
840 114
322 259
896 97
338 854
351 364
185 784
865 108
392 543
582 657
175 422
117 284
30 287
42 945
309 407
618 549
205 701
493 668
937 2
731 518
599 104
673 970
924 860
670 724
463 430
578 787
92 91
679 942
332 0
602 25
754 585
67 2
153 387
474 993
421 351
421 911
424 152
672 622
526 720
996 857
578 829
931 621
714 802
651 153
321 619
697 210
676 960
200 498
367 870
522 74
480 226
237 725
499 896
706 823
368 891
986 269
579 646
890 839
123 650
241 484
181 249
120 852
673 850
945 372
333 574
394 590
728 363
92 647
810 38
463 773
811 254
657 800
137 519
959 583
773 317
298 583
232 889
150 768
98 464
175 433
676 122
877 685
303 153
2 213
708 483
120 600
661 577
968 600
756 361
665 463
410 369
846 874
858 117
860 397
216 826
402 639
316 644
241 359
484 109
462 807
377 871
877 825
712 444
216 599
307 748
329 710
921 495
244 94
276 939
881 643
809 152
9 192
542 770
318 613
303 559
536 518
833 882
493 735
666 863
409 36
496 832
294 21
946 967
333 58
300 868
798 571
575 474
325 140
936 101
197 71
776 487
1 818
156 164
217 706
749 194
658 0
322 964
161 251
341 481
521 590
44 456
523 940
193 943
781 537
220 509
526 587
63 765
969 185
26 564
320 346
328 148
483 586
153 234
553 184
642 548
695 595
754 919
223 438
559 600
986 289
176 834
672 179
76 848
263 717
723 739
867 192
58 558
349 202
189 768
119 837
369 801
543 56
744 49
90 914
16 69
955 76
886 652
796 254
711 313
812 749
359 313
945 403
509 376
520 800
463 127
67 80
490 297
2 197
157 533
341 447
590 398
809 656
333 578
849 684
776 624
719 929
363 676
696 442
275 181
605 143
324 251
957 369
112 627
968 405
448 973
360 451
612 799
28 661
808 806
63 829
193 754
288 530
561 258
155 179
695 152
544 383
611 382
634 316
16 193
523 359
443 892
246 211
299 656
621 221
137 811
812 96
154 495
966 404
626 701
566 901
803 369
345 921
439 128
674 713
107 823
461 363
844 69
224 320
214 852
823 82
859 124
625 969
118 69
511 877
361 270
32 729
134 563
809 913
603 327
576 757
790 891
966 991
950 0
343 858
642 36
486 327
577 231
270 70
18 598
423 427
653 839
686 511
872 854
48 249
471 975
96 780
814 150
143 611
761 596
843 690
758 610
860 702
385 35
466 240
304 564
291 846
72 280
244 3
352 74
205 649
4 665
906 219
973 315
736 807
743 571
981 676
843 373
538 921
774 77
157 462
146 50
138 631
163 80
