800 4000
324 238
65 386
608 145
751 595
158 456
632 213
164 49
558 383
512 434
239 744
122 286
376 717
528 244
310 595
189 712
573 686
539 166
605 161
140 149
465 39
659 440
698 529
520 347
588 593
236 12
614 630
569 103
264 57
350 503
96 599
42 506
742 576
262 292
233 528
616 710
713 444
261 304
358 783
519 757
344 501
639 79
193 376
253 387
161 681
62 294
776 481
613 191
689 392
45 751
301 631
637 526
509 25
573 728
292 183
456 776
156 692
3 356
616 117
525 569
394 294
247 328
375 793
502 225
39 720
727 175
305 61
178 565
598 72
386 119
701 592
436 251
447 214
798 17
707 311
114 594
493 600
178 645
499 6
486 8
753 478
45 620
61 203
784 641
125 207
285 181
599 228
338 439
73 290
120 673
506 196
787 149
753 774
151 614
37 82
413 250
149 155
86 111
633 457
479 284
600 727
181 314
347 89
715 3
290 610
154 121
566 101
153 234
798 666
621 562
694 163
706 609
285 111
667 127
333 511
390 398
433 296
339 143
626 632
786 636
76 259
157 641
395 25
188 122
733 113
588 514
30 421
15 642
291 613
290 373
685 733
398 745
415 91
130 233
205 363
449 697
21 678
600 482
434 747
115 527
654 620
657 55
152 428
693 411
55 71
446 434
446 51
569 548
224 38
437 84
293 184
663 161
478 330
528 78
469 231
268 705
745 330
684 489
153 192
470 356
478 271
394 543
318 760
185 575
670 697
370 768
504 501
317 764
430 728
459 302
637 726
301 312
789 83
36 641
616 680
729 579
737 773
111 100
696 306
85 771
483 507
672 86
430 107
57 114
782 215
627 650
18 286
671 411
27 784
163 424
270 173
456 225
200 431
19 393
210 523
439 216
180 500
201 190
430 736
468 650
197 527
78 298
27 713
331 499
291 264
464 164
147 662
266 102
90 631
224 726
532 650
518 326
508 172
628 256
577 638
567 589
28 329
678 150
161 255
631 713
500 579
83 381
286 651
7 25
192 453
349 626
711 440
490 52
65 748
41 644
15 205
264 579
219 780
706 21
683 134
493 386
503 521
52 445
536 789
359 612
609 767
497 39
499 188
555 620
107 411
112 433
126 339
209 372
105 736
457 752
738 456
563 361
435 3
315 778
552 602
402 717
6 143
422 731
191 670
113 84
419 642
593 625
473 58
312 456
78 109
709 303
237 365
627 517
689 536
400 526
663 260
112 797
503 412
259 87
755 6
197 309
273 648
52 170
518 522
519 390
20 348
221 218
437 155
500 797
184 625
315 15
172 315
170 380
411 399
592 547
601 29
205 727
764 597
641 709
238 233
773 503
704 789
569 697
34 764
125 154
529 436
420 662
656 358
582 625
698 655
789 134
310 746
498 705
780 721
225 202
344 545
314 227
797 798
577 723
731 471
120 772
387 332
756 170
266 429
557 70
125 260
730 361
341 245
540 381
331 645
154 192
525 249
686 562
49 673
253 370
105 405
428 611
183 734
145 629
195 312
72 449
108 726
615 693
124 359
660 497
287 24
757 81
276 154
329 780
740 133
85 60
275 637
161 159
565 628
260 413
739 336
29 235
686 622
356 48
563 231
416 230
272 370
283 419
534 75
147 88
607 466
145 506
98 183
159 415
68 725
790 651
273 540
502 236
492 147
249 194
771 317
170 228
135 764
626 479
474 276
212 64
42 17
154 371
573 203
366 45
621 265
301 391
342 708
729 300
45 494
207 725
468 50
345 306
651 573
164 685
681 29
628 554
428 393
278 273
109 738
790 15
343 153
83 601
569 337
80 306
26 485
556 752
781 109
596 122
517 797
791 148
11 655
699 575
205 163
238 282
217 3
671 365
11 716
334 136
547 202
290 776
571 2
538 602
375 182
517 194
189 133
149 734
231 49
625 614
343 357
267 55
618 663
114 337
656 714
40 670
412 87
726 628
407 525
511 60
793 406
627 787
442 668
229 625
678 620
606 297
592 569
147 368
776 388
789 642
271 699
232 97
139 224
22 255
182 556
485 30
284 724
646 661
549 618
239 694
399 486
779 78
32 583
112 653
58 532
401 295
304 520
758 698
312 654
745 785
642 233
146 135
103 696
230 16
101 663
666 629
683 745
670 158
336 181
40 758
41 591
687 713
58 120
250 273
588 232
791 49
416 683
368 417
547 554
27 588
483 44
752 310
353 509
481 33
263 141
197 18
540 539
245 784
630 468
220 109
431 55
392 681
27 731
38 306
120 115
557 16
103 529
280 64
314 296
506 575
399 566
558 458
348 130
45 132
107 163
228 280
648 66
676 351
56 160
59 451
365 570
36 709
792 44
90 477
542 372
275 320
749 89
587 518
496 460
318 716
98 301
186 312
416 753
339 668
706 418
249 220
235 488
680 179
638 551
799 83
116 680
115 11
715 669
292 462
289 671
495 370
706 634
422 150
222 748
574 40
639 746
711 69
89 483
769 642
290 201
173 139
196 109
353 362
721 330
33 138
439 485
42 156
788 147
208 762
427 764
107 746
439 479
493 774
160 149
183 313
684 474
397 620
344 426
615 483
647 520
650 481
601 165
22 147
127 351
736 331
431 520
163 140
84 617
627 262
487 358
403 418
167 224
533 775
524 62
595 288
167 445
400 456
795 415
429 487
415 467
209 152
335 404
571 16
97 14
119 157
571 611
464 555
68 365
774 45
472 453
96 569
256 772
739 213
321 167
291 753
563 24
409 437
309 395
758 733
63 166
344 706
665 389
411 730
426 445
785 770
115 479
468 668
605 255
59 468
496 53
267 647
454 483
656 166
543 441
461 247
374 438
657 413
595 80
554 601
323 86
94 497
5 403
87 80
518 277
575 365
176 687
269 593
606 476
446 307
723 102
584 70
556 70
426 759
435 620
584 687
117 128
534 415
566 586
723 93
548 304
312 393
521 286
464 341
357 587
683 5
603 409
622 307
618 157
365 438
192 512
347 4
522 101
513 726
14 396
461 363
29 758
365 687
419 74
381 573
321 120
477 419
702 668
327 357
57 580
287 293
705 629
748 97
392 620
646 445
470 705
688 35
378 176
7 360
327 475
668 497
604 234
415 117
771 213
412 549
511 771
587 73
480 147
482 237
473 316
621 28
84 16
673 652
196 422
782 698
731 184
500 215
317 138
23 580
660 621
309 569
6 418
726 108
388 482
70 560
420 446
704 412
337 675
715 750
129 640
9 207
520 299
173 793
460 64
365 567
184 235
409 203
180 425
715 437
565 746
287 627
273 250
229 612
214 160
564 594
443 230
513 399
311 154
144 190
113 628
618 214
759 537
529 98
755 287
464 749
411 595
502 61
520 119
740 220
393 720
100 543
217 511
29 96
590 654
325 559
372 301
662 169
665 445
708 359
170 750
493 603
30 516
370 246
497 671
390 173
788 475
356 285
579 756
198 204
375 238
787 83
349 341
184 793
614 513
475 289
576 412
332 711
486 102
508 262
724 536
370 254
446 712
92 436
640 525
67 603
312 452
355 338
372 722
249 589
518 363
285 216
543 626
114 57
379 449
188 118
537 267
113 23
142 225
723 173
794 562
125 83
187 374
348 564
449 141
224 142
354 355
115 501
622 696
650 442
5 253
473 749
520 672
427 417
622 108
722 335
184 299
636 350
711 622
775 194
172 14
22 642
64 755
101 127
213 149
153 305
365 386
252 19
105 575
423 387
293 626
320 323
98 255
167 451
164 82
300 355
317 477
259 531
457 194
602 510
764 594
650 70
249 215
332 721
677 656
526 261
763 379
38 432
512 568
231 715
90 10
114 703
573 385
494 361
742 375
667 58
107 600
771 2
722 517
18 174
162 346
327 111
440 175
588 382
282 796
579 477
369 0
129 191
178 516
192 522
189 571
271 476
523 13
620 76
545 436
533 595
10 198
699 522
196 117
505 693
377 116
68 289
209 347
418 330
454 428
192 224
440 758
511 395
706 473
110 684
141 620
62 390
483 284
50 189
135 86
149 446
419 359
465 543
386 482
541 328
735 738
374 19
29 48
274 143
601 6
593 523
669 85
277 433
791 196
563 753
361 794
137 480
577 543
243 448
140 542
249 386
711 13
460 233
662 688
568 187
796 240
187 118
577 124
460 710
230 365
178 425
445 163
636 738
81 651
279 599
255 735
580 375
744 44
74 799
547 504
520 447
120 323
750 345
714 589
236 425
117 89
586 299
568 528
794 601
436 617
107 692
23 199
128 166
562 35
64 70
753 44
143 635
140 109
413 388
569 750
574 759
261 733
154 40
163 398
5 76
68 384
497 671
776 131
418 579
755 439
2 523
643 534
183 55
769 341
466 480
278 326
713 182
576 450
680 39
710 261
163 259
712 507
751 478
698 314
434 694
307 463
151 118
192 509
358 730
766 611
692 52
233 62
247 751
782 271
29 593
712 798
286 166
713 511
206 602
726 788
472 647
377 627
711 625
497 329
710 238
492 287
11 42
184 29
111 9
375 172
34 302
529 384
718 406
663 795
356 793
443 222
525 363
378 706
349 419
126 505
19 50
607 520
142 331
25 622
386 706
189 134
746 691
551 14
320 679
721 681
75 626
646 194
729 448
248 435
461 530
374 548
90 259
696 631
369 496
61 36
759 440
24 129
539 320
70 388
550 26
547 620
660 582
254 188
162 601
105 542
342 471
458 283
94 351
489 149
35 724
543 150
634 294
107 462
129 550
713 23
407 43
678 382
364 52
147 191
342 495
472 464
293 794
714 737
250 296
448 609
84 742
130 357
10 542
739 741
256 380
689 359
596 751
522 609
248 18
178 761
453 684
482 430
749 693
291 413
242 186
315 125
54 130
615 396
146 721
650 205
459 781
165 530
546 512
40 375
298 606
487 431
639 167
80 707
373 495
764 215
15 572
421 303
146 720
503 243
601 615
777 335
426 675
366 478
616 166
39 552
587 319
251 137
461 330
362 52
614 49
446 728
250 247
579 449
241 791
473 354
295 712
616 402
165 100
595 629
336 489
47 509
705 319
118 624
437 795
55 619
166 323
593 775
89 307
704 27
601 448
278 98
388 603
718 543
196 121
61 478
97 528
553 541
21 548
543 747
161 387
704 591
478 205
700 332
374 280
258 163
339 211
309 154
632 682
259 284
656 617
211 706
227 196
637 272
656 407
159 642
183 169
716 744
310 535
135 80
247 302
465 579
616 88
704 211
747 379
208 20
431 190
702 167
415 782
466 255
281 512
701 190
225 375
452 383
439 72
444 314
582 508
406 291
543 375
732 371
422 695
189 332
490 158
133 695
283 371
433 401
343 102
514 677
38 371
432 475
391 233
608 274
618 140
121 9
543 151
211 517
239 166
81 270
682 530
273 570
256 158
354 686
212 434
117 578
174 230
567 580
175 450
254 512
427 740
769 639
594 385
397 302
783 399
693 641
341 98
202 247
54 502
204 414
503 621
735 602
416 792
289 387
248 475
379 589
113 621
439 717
319 765
785 600
238 603
785 717
181 310
503 662
230 34
279 682
680 157
104 311
646 369
792 415
617 284
290 480
611 366
738 601
622 531
712 490
85 627
12 27
400 598
705 127
438 491
204 250
558 394
695 640
647 409
321 576
201 332
601 738
491 561
267 685
327 43
89 364
170 349
750 465
112 713
239 635
528 441
723 404
499 702
725 606
331 663
487 175
706 437
296 58
688 28
153 784
402 748
301 327
375 289
768 154
444 664
714 721
282 660
339 162
382 671
745 632
378 116
783 83
219 93
441 48
667 728
309 779
535 512
108 162
611 73
458 539
508 75
345 265
254 323
213 299
568 279
188 758
701 728
132 660
476 589
465 396
594 653
7 644
94 621
541 261
789 155
435 734
696 426
453 427
355 112
96 120
199 620
789 0
474 491
76 635
525 429
283 535
766 3
246 581
495 316
73 728
119 33
708 10
184 381
534 512
433 609
29 559
500 743
125 351
474 501
751 622
502 4
572 504
647 514
43 790
274 21
119 516
144 737
4 168
164 491
659 400
335 703
180 378
711 719
347 218
677 93
151 408
255 28
95 760
534 689
45 94
144 383
400 785
72 68
380 767
708 62
37 449
39 114
236 33
424 302
312 249
324 301
457 30
48 763
778 733
753 569
485 613
303 68
411 773
775 465
179 599
672 252
755 701
256 1
77 106
544 202
188 741
253 299
112 362
561 362
261 369
98 66
90 563
632 426
321 298
693 402
338 248
160 238
102 171
130 630
609 479
757 780
46 101
538 96
177 67
458 529
57 156
495 628
341 721
692 730
41 423
698 589
385 395
428 251
645 52
501 631
493 392
369 252
567 545
449 403
343 273
515 87
686 260
2 471
414 390
361 604
220 389
126 139
167 311
45 77
57 350
577 205
348 11
730 418
670 738
156 238
488 669
229 582
171 627
577 114
572 538
1 727
450 778
713 372
461 100
393 682
585 51
367 160
115 370
442 133
652 687
594 183
748 270
406 708
249 112
342 751
535 758
451 565
194 224
195 272
762 59
73 27
350 315
773 536
29 325
56 239
648 176
299 695
716 588
640 218
95 484
552 404
217 704
470 732
261 367
341 262
663 547
438 488
448 317
268 444
448 330
604 230
699 238
334 598
144 128
169 80
422 54
127 106
551 131
68 533
594 94
613 704
139 516
182 793
214 673
557 566
484 299
333 51
589 111
69 220
607 657
219 717
21 14
355 121
268 580
564 360
82 533
444 292
63 615
723 726
457 15
206 620
178 207
341 638
709 222
567 593
2 39
92 507
21 533
220 520
750 493
398 157
652 796
35 59
763 755
788 390
192 16
185 359
658 127
475 110
556 96
492 316
320 363
278 544
494 657
274 640
469 37
58 251
105 604
512 141
422 336
289 274
580 363
660 174
11 290
295 109
169 479
172 326
674 548
112 645
615 45
365 394
426 277
544 428
17 219
605 609
649 295
353 386
284 520
265 459
614 256
513 193
261 258
704 599
399 506
105 366
277 556
277 36
776 790
171 356
609 641
75 191
126 190
209 528
31 612
234 513
722 307
583 433
46 343
560 246
516 367
155 670
722 142
701 666
122 226
255 732
116 179
693 512
799 334
203 9
221 99
64 46
128 587
664 181
159 206
173 638
270 452
166 580
717 538
234 447
799 279
535 717
285 672
14 242
44 185
17 94
365 622
720 398
692 49
672 757
635 771
749 445
408 760
209 136
204 566
6 124
637 479
248 254
774 240
511 126
621 233
12 660
726 653
705 777
118 300
646 730
331 224
185 760
10 308
133 787
696 716
567 632
317 640
173 600
342 235
79 171
234 484
323 629
64 138
220 616
463 165
370 42
469 619
440 537
140 64
394 492
538 450
325 603
104 132
795 322
309 248
135 578
172 467
159 232
371 587
616 210
229 356
333 719
707 684
595 391
646 580
519 123
536 96
281 430
676 209
109 164
331 641
559 9
537 61
135 182
407 218
173 751
674 305
799 561
795 781
721 298
353 232
644 265
668 624
58 568
27 111
713 518
128 44
14 522
282 204
740 133
596 381
693 392
428 564
271 214
423 309
347 299
707 179
714 445
173 537
337 65
467 136
184 753
253 290
493 269
344 646
605 288
594 797
102 644
13 437
294 136
110 235
760 657
565 270
545 703
722 642
390 434
790 131
1 716
456 682
211 664
537 628
603 556
58 193
648 683
428 379
588 462
504 664
369 68
704 737
497 24
789 180
544 146
203 295
620 96
490 462
105 149
263 478
710 595
274 531
708 646
721 239
744 209
524 740
142 621
746 500
32 334
445 567
552 169
762 317
739 531
204 404
374 428
168 108
645 508
195 473
545 796
291 377
162 632
20 471
438 467
733 399
25 12
658 51
325 63
75 237
427 303
212 389
35 163
518 486
1 207
310 188
681 661
620 545
483 235
471 441
338 318
352 793
322 407
764 751
96 221
261 414
463 636
395 265
536 516
359 595
545 149
401 580
129 25
435 47
723 466
93 497
681 215
474 764
643 217
163 757
257 426
626 730
629 0
634 552
540 375
85 476
686 405
254 25
691 241
416 138
601 54
462 296
132 325
85 574
550 249
623 427
623 591
90 551
453 581
8 106
343 354
343 521
335 55
516 131
263 484
155 763
414 734
627 294
43 144
88 776
176 192
776 90
498 691
419 430
200 435
92 182
659 431
789 610
685 292
202 777
261 27
365 650
297 691
562 19
293 32
267 578
299 308
119 777
147 94
566 407
710 336
32 213
661 645
535 207
496 451
794 116
660 701
668 415
163 284
244 599
282 542
54 435
735 607
482 258
90 664
795 106
262 166
603 528
648 397
37 663
639 348
571 300
92 402
305 162
596 385
481 601
339 753
33 261
340 713
594 203
270 362
90 175
81 252
245 428
306 14
103 452
291 311
277 153
582 386
500 378
451 746
450 194
312 642
468 286
145 120
16 654
24 539
316 77
526 571
566 52
347 720
421 28
35 477
624 99
442 438
494 241
696 160
253 186
208 312
439 295
254 342
610 721
576 211
583 333
134 202
38 175
108 731
295 40
232 629
756 433
575 469
37 77
605 202
764 585
292 763
274 392
548 267
466 285
76 123
389 247
481 177
301 772
781 696
182 47
313 328
713 524
446 487
3 535
87 688
421 535
251 19
654 168
779 61
710 729
231 410
412 243
550 568
755 124
549 686
280 571
351 381
503 572
670 629
174 150
401 251
194 588
798 105
337 401
538 502
168 143
471 472
278 201
733 296
672 415
253 5
342 114
161 636
166 649
392 390
688 244
273 593
250 559
437 68
133 553
730 414
159 613
485 606
762 384
495 488
220 533
92 518
505 765
328 589
542 731
611 194
560 55
671 573
693 105
359 588
400 441
626 731
307 68
184 531
655 610
708 288
400 165
555 248
647 36
284 249
136 761
152 562
21 648
4 484
186 450
284 202
380 137
43 631
331 372
473 31
767 117
419 281
578 441
721 515
138 623
228 199
682 589
495 508
457 367
391 368
531 290
286 613
559 128
236 473
785 189
175 587
785 194
181 698
284 87
727 336
520 742
105 703
718 797
47 43
627 148
754 648
359 752
562 613
147 360
702 426
588 454
643 670
781 784
354 715
484 104
133 518
427 528
530 202
378 242
768 36
347 543
490 53
766 342
739 531
495 359
745 337
324 377
316 416
443 553
241 53
708 660
258 301
602 438
296 15
696 212
748 753
745 759
505 126
417 794
759 214
138 742
276 662
609 796
163 121
739 83
682 511
450 194
342 782
573 480
498 438
270 202
792 153
229 389
679 555
470 549
694 310
366 13
680 705
460 24
736 242
621 311
662 465
40 316
587 655
284 118
345 584
134 542
207 261
695 113
732 740
486 351
105 27
610 324
748 283
555 245
250 466
257 125
637 404
669 136
614 411
159 0
581 236
551 598
215 91
584 163
255 626
761 80
280 302
654 787
649 587
775 474
442 673
264 301
70 527
296 303
306 631
174 293
125 394
249 475
632 421
318 259
184 700
184 383
490 598
730 193
454 121
169 401
71 40
72 303
666 746
147 569
565 429
785 719
106 202
292 277
731 427
706 473
528 330
713 117
39 508
654 759
12 302
311 416
490 302
298 746
704 750
645 653
119 676
464 420
723 213
272 715
776 340
637 396
367 261
437 602
249 487
754 253
579 721
346 48
42 124
503 263
737 673
646 181
289 741
499 557
321 562
549 167
454 456
213 741
60 148
613 598
133 415
111 763
114 586
283 361
592 600
533 46
356 462
670 247
251 86
194 209
347 426
651 783
542 399
756 140
768 95
128 401
566 268
619 729
321 514
65 786
132 652
750 167
530 538
373 380
204 769
102 346
458 260
266 748
311 721
768 777
162 47
333 242
274 87
687 510
377 32
563 565
173 128
296 122
467 239
340 748
540 110
357 654
117 264
618 550
186 471
99 355
587 427
150 323
577 71
644 755
34 12
219 600
787 538
365 558
46 244
289 687
341 419
776 406
229 318
563 549
718 489
452 67
162 539
162 650
620 580
496 64
515 207
736 36
671 324
164 76
460 177
37 205
445 42
728 762
706 79
590 336
412 77
106 658
80 264
153 496
603 503
701 557
453 144
586 353
345 517
85 764
468 175
201 77
348 715
123 2
499 514
449 80
236 269
127 790
541 24
770 541
117 359
497 706
720 599
705 567
617 614
263 230
175 53
563 216
603 268
795 694
769 671
629 14
741 688
298 247
784 694
231 696
611 92
342 38
395 524
429 397
21 238
292 466
260 235
269 438
289 727
191 221
115 207
147 208
143 223
179 767
657 519
47 683
524 543
339 99
798 248
790 333
648 773
339 520
572 762
701 495
440 147
271 192
178 57
354 734
244 289
482 372
618 693
67 252
153 215
239 287
626 514
356 733
648 499
156 623
639 745
269 43
613 745
178 263
773 37
265 674
537 62
767 640
192 519
265 596
785 268
180 355
47 275
159 358
125 257
615 496
692 512
451 273
626 64
210 282
789 572
562 738
9 350
146 265
318 581
554 539
765 262
713 343
668 561
463 176
177 118
765 179
3 104
393 682
551 608
438 513
522 165
292 743
298 650
676 632
106 408
142 280
229 750
470 706
706 550
732 418
489 443
4 32
790 168
134 766
619 146
454 739
107 232
134 409
772 425
731 340
172 135
574 85
368 747
67 526
553 762
463 358
208 726
549 30
402 200
450 693
551 604
266 170
256 365
2 160
320 132
768 583
109 283
320 56
199 326
568 65
504 564
14 770
299 753
265 311
674 304
581 503
227 9
362 92
755 637
671 356
422 353
92 631
149 410
221 266
561 294
222 676
631 796
547 31
325 340
662 689
204 201
599 235
646 574
15 386
425 63
485 556
317 234
757 717
331 526
318 691
87 147
155 63
47 250
788 357
164 229
374 437
536 250
576 667
536 549
543 547
269 540
220 162
398 519
501 753
504 447
746 411
32 213
248 281
72 758
395 796
560 558
207 715
687 460
616 13
515 5
483 329
293 603
717 108
384 638
642 43
451 403
8 105
373 213
125 444
265 633
559 235
274 663
491 730
249 550
55 522
556 646
420 698
441 4
414 467
252 25
582 738
437 468
642 327
381 698
531 14
795 363
135 667
498 166
400 652
221 48
693 281
158 337
520 415
370 607
184 478
201 703
103 416
629 361
447 699
418 44
224 440
133 50
445 148
407 293
328 295
772 562
267 548
574 301
601 288
408 117
99 23
656 761
239 235
204 347
391 78
297 692
78 194
464 472
376 478
138 27
346 596
85 181
607 81
55 226
93 581
690 685
296 548
665 110
5 44
546 433
737 392
796 441
547 531
643 388
416 321
18 81
110 315
345 0
347 778
367 25
478 310
393 143
77 270
299 262
497 11
542 307
87 272
547 387
73 629
199 767
349 613
632 526
460 260
247 763
549 437
238 377
450 410
132 164
476 477
687 554
795 719
393 233
368 720
37 187
7 782
772 688
759 561
451 698
348 662
792 591
711 58
253 650
691 538
300 467
795 761
716 416
427 578
170 188
213 238
715 328
421 39
737 575
662 238
444 94
646 603
356 515
295 451
388 244
760 670
360 484
532 713
331 211
137 746
618 659
12 467
285 786
266 104
679 500
642 292
299 736
402 121
354 511
495 54
42 288
601 334
385 224
718 599
563 360
285 304
624 215
62 551
706 705
576 697
125 344
611 571
695 746
520 505
442 236
38 349
472 470
638 178
287 206
784 585
141 745
79 284
549 463
755 369
98 222
302 162
108 466
386 90
169 772
48 162
53 656
148 382
757 572
79 337
521 662
228 40
544 413
744 406
624 259
84 539
38 432
476 458
667 202
741 43
648 53
787 158
91 182
352 770
202 508
116 469
711 736
177 604
181 268
686 773
763 571
71 11
790 96
179 602
51 105
726 148
285 293
215 339
468 35
372 336
703 349
53 644
195 149
191 653
148 479
426 146
43 544
373 778
313 501
441 794
348 598
379 638
655 92
229 43
134 353
631 370
411 263
410 359
546 668
598 66
132 541
37 69
522 569
647 64
120 727
407 754
285 89
414 273
391 643
710 556
220 311
17 366
70 515
428 261
15 670
190 260
37 742
96 78
612 597
282 686
373 426
766 27
69 757
717 33
384 286
188 270
651 621
713 760
657 584
656 578
255 251
121 411
564 381
404 519
787 176
264 483
284 233
200 707
154 657
712 478
61 395
782 460
651 503
332 719
530 182
333 592
354 431
622 683
569 626
591 717
126 571
618 349
562 24
675 601
708 14
448 323
36 666
284 700
602 148
374 302
536 728
719 656
173 456
628 70
315 300
473 40
748 220
519 580
352 767
310 262
266 341
255 406
413 498
747 611
256 427
144 255
169 150
158 363
201 621
116 277
356 180
345 734
133 796
136 33
143 614
74 17
502 779
650 162
751 444
70 331
230 454
674 714
47 792
1 680
191 424
150 767
155 530
439 793
433 610
660 123
710 405
7 642
719 283
780 652
324 480
722 507
370 139
115 341
432 390
609 719
661 767
385 332
392 302
28 352
727 312
371 698
204 499
52 321
317 268
75 734
451 166
314 731
558 131
11 266
374 327
581 73
565 219
766 228
563 432
496 28
98 452
47 295
267 42
697 119
232 325
527 191
404 181
132 276
640 118
499 240
232 644
726 477
517 356
596 368
580 575
762 180
55 784
14 552
650 0
671 43
696 79
353 504
703 758
632 621
562 651
435 80
718 133
91 179
303 353
204 599
771 644
291 144
447 130
792 232
689 126
110 614
341 658
457 80
748 18
415 494
235 428
370 465
624 274
765 404
601 60
173 290
344 199
50 472
514 419
694 524
200 524
653 463
200 630
270 655
292 366
321 767
402 639
377 731
726 563
644 423
429 123
544 375
459 624
784 789
168 378
656 382
151 753
453 366
567 227
344 93
333 629
197 457
305 717
751 246
616 687
631 84
562 231
684 417
357 487
677 302
250 145
269 389
358 791
766 43
139 320
625 419
752 718
532 692
687 30
349 139
366 784
670 580
16 72
282 69
460 179
120 427
734 718
181 618
285 4
254 495
45 118
447 488
149 32
53 742
52 218
683 65
432 476
579 349
399 741
786 685
73 574
113 661
94 538
370 339
644 641
592 97
643 333
202 180
37 724
497 361
8 584
352 577
86 444
683 42
87 232
699 576
485 334
730 275
32 349
297 555
67 374
90 105
727 77
507 240
710 466
240 644
659 209
452 754
648 151
481 752
624 311
350 582
166 140
280 621
590 127
453 55
130 394
101 720
655 702
601 771
514 482
633 63
509 606
0 668
655 215
747 185
418 347
290 40
502 127
22 396
334 423
780 129
394 679
152 253
117 327
749 373
576 716
564 739
494 724
636 423
657 738
593 524
373 412
528 45
92 785
313 407
170 254
550 592
769 691
476 792
336 178
639 207
135 567
202 567
783 318
191 284
87 577
508 433
530 514
399 189
255 552
492 374
297 77
156 556
113 247
216 41
168 645
182 728
353 685
451 324
774 611
722 674
330 412
788 785
159 596
360 160
457 557
533 626
147 282
150 62
64 251
53 377
165 425
283 120
469 308
390 592
668 394
541 513
784 635
32 531
165 443
259 671
545 648
220 337
688 429
571 109
216 326
442 591
14 485
533 695
139 693
508 5
666 732
582 450
595 166
585 767
749 703
167 65
783 257
42 798
584 784
20 225
671 514
48 20
301 195
749 94
267 183
396 139
262 257
312 428
794 772
630 702
445 232
413 79
283 672
199 638
99 681
584 35
351 245
575 143
777 393
75 84
541 676
191 680
554 737
377 551
525 510
592 55
223 254
652 80
109 332
762 667
361 290
512 89
159 136
366 552
491 288
406 130
297 354
669 262
204 580
754 251
115 188
734 722
314 361
125 460
269 430
76 572
66 385
707 270
647 387
6 583
25 592
566 719
87 154
77 461
406 657
42 657
310 102
297 248
181 784
535 107
291 15
229 553
374 142
730 583
383 654
654 85
28 353
468 707
79 564
440 163
655 49
298 656
701 68
25 784
90 156
675 374
183 148
11 555
45 243
333 366
15 113
111 249
412 91
216 6
121 696
421 338
607 172
569 33
528 253
405 130
304 149
424 436
370 520
361 233
304 503
259 682
511 723
48 316
290 357
137 161
413 78
125 129
621 42
192 331
215 347
165 663
351 99
624 302
90 434
517 620
741 641
773 324
151 669
282 164
340 712
784 539
36 157
231 25
355 115
230 758
634 356
339 469
559 686
704 202
632 281
296 794
214 346
634 546
799 183
500 123
572 684
565 572
52 302
524 161
264 46
468 714
642 641
68 551
520 285
418 402
469 742
121 445
41 746
587 463
767 521
232 297
128 601
510 589
375 137
531 449
36 165
50 496
405 217
771 50
626 282
446 526
119 513
320 477
648 569
607 752
384 155
411 436
618 599
214 309
563 502
453 545
160 734
775 495
412 118
534 256
501 459
123 324
520 114
135 0
185 78
287 751
392 180
183 70
512 781
355 348
498 93
330 586
418 354
700 495
64 798
421 504
537 440
706 510
687 448
340 272
6 178
147 659
352 477
132 70
588 421
238 619
667 421
777 451
531 729
408 313
711 730
505 738
454 683
315 259
755 309
687 596
694 206
98 772
305 478
681 189
181 293
158 393
181 791
651 565
283 330
772 20
187 274
698 615
709 683
621 476
574 503
737 21
433 103
340 11
641 671
431 754
195 214
636 702
330 187
247 198
291 703
519 456
738 78
783 238
220 671
224 656
407 431
690 602
639 648
466 495
602 328
286 173
734 63
79 179
353 153
502 96
401 126
170 318
230 406
321 320
373 48
477 327
102 708
585 43
392 88
356 568
707 577
93 599
366 362
224 142
706 313
559 555
495 80
437 765
109 145
311 483
86 518
396 42
755 672
270 528
308 606
17 270
259 593
404 694
59 765
694 314
757 515
139 109
419 252
719 717
769 168
730 65
745 521
148 415
678 713
203 82
331 323
546 538
516 513
684 468
13 66
570 604
194 158
466 208
87 332
577 727
457 99
689 513
628 736
62 561
199 41
741 376
405 431
31 68
109 121
365 409
492 158
660 222
785 595
171 411
242 711
658 2
397 586
613 588
321 341
753 613
158 518
359 427
410 490
47 50
358 289
190 44
128 508
491 71
714 234
62 759
59 84
203 214
565 293
30 457
503 654
598 709
83 393
599 561
354 28
730 238
695 640
744 53
786 483
520 447
182 299
789 299
284 348
243 699
585 571
643 736
254 628
597 440
14 569
509 85
246 12
9 479
104 256
114 220
392 122
754 175
635 669
469 95
156 39
499 250
465 726
796 186
350 719
405 198
376 736
418 380
92 580
164 782
513 199
165 714
43 299
498 510
738 778
233 284
547 60
114 58
661 348
275 446
638 486
734 600
503 68
590 144
734 170
402 417
138 222
105 678
132 92
175 501
340 376
215 617
633 421
761 708
509 182
237 596
361 227
57 757
21 494
296 248
674 423
156 418
75 461
741 632
249 213
370 122
535 368
327 558
582 264
496 510
498 459
149 164
292 204
302 645
664 262
185 412
786 386
745 345
269 507
130 745
724 448
355 279
533 314
450 179
434 238
638 275
762 229
49 759
440 554
420 465
586 340
744 164
372 709
450 717
310 338
231 128
476 452
361 372
596 157
112 33
389 191
460 136
286 330
617 596
13 517
388 480
785 383
734 345
434 374
175 518
111 184
509 69
696 744
76 759
798 163
408 383
552 611
193 391
7 419
710 3
747 133
374 250
215 433
290 643
307 606
343 492
65 662
75 705
306 21
213 266
666 82
546 437
321 354
262 631
603 472
688 621
283 81
65 392
707 48
189 552
223 293
675 648
275 308
410 378
561 179
140 308
304 83
504 748
761 579
610 544
676 785
654 569
355 275
45 657
509 645
215 50
350 467
378 449
332 346
401 251
413 682
185 766
103 526
736 747
409 783
510 11
72 310
649 176
300 465
451 285
717 56
55 488
184 656
548 127
342 783
249 521
446 1
130 143
201 587
770 410
423 366
354 574
721 46
392 216
287 308
715 180
379 400
710 467
789 227
747 170
760 284
154 238
412 641
18 143
253 529
7 258
237 296
693 772
134 418
340 443
514 291
620 543
623 87
683 794
29 85
149 299
153 265
795 593
95 179
79 294
427 202
22 522
145 612
703 770
207 602
756 320
383 712
79 133
593 275
655 325
664 270
394 426
675 94
357 123
175 157
737 189
632 346
541 556
618 162
148 158
113 624
157 297
91 207
713 109
377 92
622 694
243 525
93 227
799 306
437 359
306 379
566 240
693 219
120 6
59 203
317 438
659 306
100 16
217 612
95 557
178 40
295 501
216 766
591 704
722 672
23 571
519 713
546 270
468 308
138 443
541 646
754 73
545 334
443 3
337 428
27 603
257 656
76 242
352 612
1 188
197 525
414 479
107 397
584 61
798 621
123 19
502 698
283 321
131 717
12 298
458 527
518 254
591 508
355 471
787 392
571 160
673 511
755 509
387 305
593 262
58 750
563 790
302 303
544 420
355 342
638 79
76 310
454 767
260 309
22 74
411 656
229 756
237 160
156 187
602 765
3 178
337 64
314 11
494 525
489 635
454 209
377 57
481 40
709 390
455 514
331 180
669 422
392 128
754 344
259 546
118 439
392 359
459 138
664 444
190 797
158 109
215 230
357 47
782 173
233 219
673 459
204 348
36 466
650 684
24 77
206 249
223 681
422 718
559 533
533 719
421 774
104 548
92 94
235 602
350 430
732 6
217 89
127 748
374 59
116 319
358 489
39 138
702 507
103 78
677 648
409 269
780 176
557 134
381 0
433 610
374 722
388 623
632 595
654 10
699 201
15 578
741 788
661 283
123 595
561 625
662 331
76 797
346 484
406 444
355 629
608 430
609 225
235 93
38 545
768 543
92 452
289 797
28 788
512 661
349 283
270 157
170 6
150 713
760 105
748 270
726 3
480 456
325 675
56 761
458 555
285 787
353 437
596 760
788 787
463 320
333 538
389 763
296 610
416 23
749 775
597 292
445 756
570 54
522 737
83 491
460 250
589 686
305 739
174 443
725 792
716 676
50 25
254 115
345 390
688 208
2 263
187 710
705 304
564 289
121 739
228 699
85 534
760 88
597 502
313 270
518 524
574 712
469 63
289 141
229 506
80 316
63 624
229 475
105 669
280 369
602 463
755 657
749 453
678 376
404 502
284 120
655 310
269 54
413 340
630 720
595 263
6 35
299 714
251 428
222 421
300 398
500 463
776 20
603 401
191 407
119 172
670 226
697 126
737 692
499 1
197 421
139 340
444 685
302 350
164 161
167 176
442 288
144 714
651 365
680 417
75 701
133 543
777 308
780 492
643 523
799 620
758 629
726 233
505 257
689 307
330 386
333 356
521 718
117 520
356 388
347 381
242 754
455 440
356 470
79 73
217 643
776 799
465 581
796 79
132 617
732 625
788 535
280 267
448 673
428 50
283 705
349 590
668 62
421 382
503 303
43 444
588 355
215 706
350 608
228 429
103 459
663 704
298 359
111 556
73 737
509 431
472 620
438 315
562 424
422 217
138 521
263 461
421 565
563 28
262 685
279 43
489 751
200 73
500 764
570 720
139 470
751 520
516 652
269 173
762 409
243 785
389 554
236 389
42 511
453 21
431 211
476 561
466 767
58 787
282 540
611 126
558 328
298 131
517 747
10 458
510 26
723 527
273 219
34 139
644 106
244 533
739 507
156 168
138 514
371 199
517 432
655 126
538 574
24 682
165 431
566 412
644 48
495 506
148 356
336 231
156 798
553 741
712 109
94 791
345 767
700 587
123 703
137 312
55 641
254 709
362 353
185 650
502 454
78 283
695 620
127 34
601 2
588 716
264 177
44 39
423 575
60 425
69 307
663 693
717 665
743 250
94 712
186 573
186 195
153 344
674 189
502 291
34 640
644 690
553 655
491 31
508 554
59 617
44 210
513 284
165 718
664 467
327 334
66 284
666 686
56 507
94 61
94 626
449 702
409 192
757 206
5 327
737 424
