100 300
48 62
44 88
46 21
20 62
7 5
11 87
74 17
92 71
87 65
3 46
28 37
16 60
85 93
35 79
74 13
37 50
30 20
88 2
54 46
60 86
44 23
87 59
78 74
38 27
30 38
80 89
3 98
66 70
20 94
76 46
31 41
36 18
32 70
80 96
43 0
48 8
43 29
20 86
13 92
95 32
97 34
13 37
78 42
30 90
47 40
77 40
80 6
5 14
7 4
3 29
33 0
43 64
50 17
37 89
74 65
6 88
81 39
70 42
78 68
21 43
95 1
78 68
88 18
65 57
46 22
44 34
6 47
80 37
39 87
28 95
35 18
25 70
9 58
87 61
64 78
97 66
17 2
18 99
31 7
97 68
88 67
32 80
94 93
4 64
41 67
72 28
86 2
8 66
81 38
44 4
83 39
49 66
58 74
6 75
17 76
51 64
45 36
18 3
84 51
24 44
16 45
55 74
20 49
15 92
13 46
73 41
99 92
6 61
81 0
57 17
6 44
25 22
33 32
45 4
24 30
33 52
73 89
96 16
93 67
26 7
52 37
44 33
97 10
49 3
49 84
19 38
78 94
90 44
58 37
97 80
46 49
87 3
84 78
12 59
18 8
40 67
28 48
62 47
59 65
45 9
76 81
15 0
77 47
11 4
39 81
5 38
48 69
35 78
69 46
30 18
6 92
81 53
84 39
10 31
3 68
91 90
54 68
84 63
7 29
12 17
34 99
63 86
17 52
28 47
48 53
68 46
3 75
80 90
10 78
76 1
2 51
93 78
96 72
41 98
23 12
61 16
63 93
23 32
96 93
45 86
39 69
82 0
75 40
92 65
22 91
26 78
55 91
50 88
95 27
57 52
95 4
86 72
5 31
24 7
24 65
88 54
85 81
23 48
64 81
44 47
19 86
64 88
81 38
1 37
54 74
8 56
82 53
3 95
19 66
31 50
15 61
6 33
6 53
99 26
88 60
44 45
45 55
36 51
37 16
3 48
63 66
3 47
33 35
76 51
70 32
34 68
61 21
65 89
82 8
27 32
12 48
15 3
21 94
71 74
26 28
91 61
12 98
85 22
62 4
63 39
76 34
2 36
31 74
12 65
88 65
58 81
27 83
18 27
59 6
41 69
77 82
45 76
26 80
6 38
8 77
55 36
22 84
80 3
29 76
17 92
24 31
69 82
30 12
7 47
39 30
93 42
64 82
94 27
43 51
54 35
31 0
11 77
67 22
95 85
1 86
43 0
25 29
57 13
38 18
25 3
85 36
5 38
15 45
11 94
65 77
4 37
86 27
77 57
99 93
68 3
64 15
4 42
73 26
2 22
24 41
13 26
96 11
67 3
29 22
36 95
